vnum	name	type	subtype	size	anti	req_level	def	min_atk	max_atk	min_matk	max_matk	sockets	app1_t	app1_v	app2_t	app2_v	app3_t	app3_v
1	Yang	9	0	1	0	0	0	0	0	0	0	0	0	0	0	0	0	0
10	Miecz+0	1	0	2	262176	0	0	13	15	15	19	1	7	20	0	0	0	0
11	Miecz+1	1	0	2	262176	0	0	20	22	22	26	1	7	20	0	0	0	0
12	Miecz+2	1	0	2	262176	0	0	27	29	29	33	1	7	20	0	0	0	0
13	Miecz+3	1	0	2	262176	0	0	34	36	36	40	1	7	20	0	0	0	0
14	Miecz+4	1	0	2	262176	0	0	41	43	43	47	1	7	20	0	0	0	0
15	Miecz+5	1	0	2	262176	0	0	48	50	50	54	1	7	20	0	0	0	0
16	Miecz+6	1	0	2	262176	0	0	55	57	57	61	1	7	20	0	0	0	0
17	Miecz+7	1	0	2	262432	0	0	62	64	64	68	1	7	20	0	0	0	0
18	Miecz+8	1	0	2	262432	0	0	69	71	71	75	1	7	20	0	0	0	0
19	Miecz+9	1	0	2	262432	0	0	76	78	78	82	1	7	20	0	0	0	0
20	Długi Miecz+0	1	0	2	262176	5	0	18	20	13	15	1	7	20	0	0	0	0
21	Długi Miecz+1	1	0	2	262176	5	0	25	27	20	22	1	7	20	0	0	0	0
22	Długi Miecz+2	1	0	2	262176	5	0	32	34	27	29	1	7	20	0	0	0	0
23	Długi Miecz+3	1	0	2	262176	5	0	39	41	34	36	1	7	20	0	0	0	0
24	Długi Miecz+4	1	0	2	262176	5	0	46	48	41	43	1	7	20	0	0	0	0
25	Długi Miecz+5	1	0	2	262176	5	0	53	55	48	50	1	7	20	0	0	0	0
26	Długi Miecz+6	1	0	2	262176	5	0	60	62	55	57	1	7	20	0	0	0	0
27	Długi Miecz+7	1	0	2	262432	5	0	67	69	62	64	1	7	20	0	0	0	0
28	Długi Miecz+8	1	0	2	262432	5	0	74	76	69	71	1	7	20	0	0	0	0
29	Długi Miecz+9	1	0	2	262432	5	0	81	83	76	78	1	7	20	0	0	0	0
30	Sejmitar+0	1	0	2	262176	10	0	23	28	20	24	1	7	20	0	0	0	0
31	Sejmitar+1	1	0	2	262176	10	0	30	35	27	31	1	7	20	0	0	0	0
32	Sejmitar+2	1	0	2	262176	10	0	37	42	34	38	1	7	20	0	0	0	0
33	Sejmitar+3	1	0	2	262176	10	0	44	49	41	45	1	7	20	0	0	0	0
34	Sejmitar+4	1	0	2	262176	10	0	51	56	48	52	1	7	20	0	0	0	0
35	Sejmitar+5	1	0	2	262176	10	0	58	63	55	59	1	7	20	0	0	0	0
36	Sejmitar+6	1	0	2	262176	10	0	65	70	62	66	1	7	20	0	0	0	0
37	Sejmitar+7	1	0	2	262432	10	0	72	77	69	73	1	7	20	0	0	0	0
38	Sejmitar+8	1	0	2	262432	10	0	79	84	76	80	1	7	20	0	0	0	0
39	Sejmitar+9	1	0	2	262432	10	0	86	91	83	87	1	7	20	0	0	0	0
40	Stożkowy Miecz+0	1	0	2	262176	15	0	27	34	25	35	1	7	20	0	0	0	0
41	Stożkowy Miecz+1	1	0	2	262176	15	0	34	41	32	42	1	7	20	0	0	0	0
42	Stożkowy Miecz+2	1	0	2	262176	15	0	41	48	39	49	1	7	20	0	0	0	0
43	Stożkowy Miecz+3	1	0	2	262176	15	0	48	55	46	56	1	7	20	0	0	0	0
44	Stożkowy Miecz+4	1	0	2	262176	15	0	55	62	53	63	1	7	20	0	0	0	0
45	Stożkowy Miecz+5	1	0	2	262176	15	0	62	69	60	70	1	7	20	0	0	0	0
46	Stożkowy Miecz+6	1	0	2	262176	15	0	69	76	67	77	1	7	20	0	0	0	0
47	Stożkowy Miecz+7	1	0	2	262432	15	0	76	83	74	84	1	7	20	0	0	0	0
48	Stożkowy Miecz+8	1	0	2	262432	15	0	83	90	81	91	1	7	20	0	0	0	0
49	Stożkowy Miecz+9	1	0	2	262432	15	0	90	97	88	98	1	7	20	0	0	0	0
50	Szeroki Miecz+0	1	0	2	262176	20	0	33	40	20	28	1	7	20	0	0	0	0
51	Szeroki Miecz+1	1	0	2	262176	20	0	40	47	27	35	1	7	20	0	0	0	0
52	Szeroki Miecz+2	1	0	2	262176	20	0	47	54	34	42	1	7	20	0	0	0	0
53	Szeroki Miecz+3	1	0	2	262176	20	0	54	61	41	49	1	7	20	0	0	0	0
54	Szeroki Miecz+4	1	0	2	262176	20	0	61	68	48	56	1	7	20	0	0	0	0
55	Szeroki Miecz+5	1	0	2	262176	20	0	68	75	55	63	1	7	20	0	0	0	0
56	Szeroki Miecz+6	1	0	2	262176	20	0	75	82	62	70	1	7	20	0	0	0	0
57	Szeroki Miecz+7	1	0	2	262432	20	0	82	89	69	77	1	7	20	0	0	0	0
58	Szeroki Miecz+8	1	0	2	262432	20	0	89	96	76	84	1	7	20	0	0	0	0
59	Szeroki Miecz+9	1	0	2	262432	20	0	96	103	83	91	1	7	20	0	0	0	0
60	Srebrny Miecz+0	1	0	2	262176	25	0	37	51	38	52	2	7	20	0	0	0	0
61	Srebrny Miecz+1	1	0	2	262176	25	0	43	57	44	58	2	7	20	0	0	0	0
62	Srebrny Miecz+2	1	0	2	262176	25	0	49	63	50	64	2	7	20	0	0	0	0
63	Srebrny Miecz+3	1	0	2	262176	25	0	55	69	56	70	2	7	20	0	0	0	0
64	Srebrny Miecz+4	1	0	2	262176	25	0	61	75	62	76	2	7	20	0	0	0	0
65	Srebrny Miecz+5	1	0	2	262176	25	0	69	83	70	84	2	7	20	0	0	0	0
66	Srebrny Miecz+6	1	0	2	262176	25	0	78	92	79	93	2	7	20	0	0	0	0
67	Srebrny Miecz+7	1	0	2	262432	25	0	88	102	89	103	2	7	20	0	0	0	0
68	Srebrny Miecz+8	1	0	2	262432	25	0	99	113	100	114	2	7	20	0	0	0	0
69	Srebrny Miecz+9	1	0	2	262432	25	0	111	125	112	126	2	7	20	0	0	0	0
70	Miecz Storczykowy+0	1	0	2	262176	32	0	45	60	36	46	2	7	20	0	0	0	0
71	Miecz Storczykowy+1	1	0	2	262176	32	0	51	66	42	52	2	7	20	0	0	0	0
72	Miecz Storczykowy+2	1	0	2	262176	32	0	57	72	48	58	2	7	20	0	0	0	0
73	Miecz Storczykowy+3	1	0	2	262176	32	0	63	78	54	64	2	7	20	0	0	0	0
74	Miecz Storczykowy+4	1	0	2	262176	32	0	69	84	60	70	2	7	20	0	0	0	0
75	Miecz Storczykowy+5	1	0	2	262176	32	0	77	92	68	78	2	7	20	0	0	0	0
76	Miecz Storczykowy+6	1	0	2	262176	32	0	86	101	77	87	2	7	20	0	0	0	0
77	Miecz Storczykowy+7	1	0	2	262432	32	0	96	111	87	97	2	7	20	0	0	0	0
78	Miecz Storczykowy+8	1	0	2	262432	32	0	107	122	98	108	2	7	20	0	0	0	0
79	Miecz Storczykowy+9	1	0	2	262432	32	0	119	134	110	120	2	7	20	0	0	0	0
80	Miecz Półtoraręczny+0	1	0	2	262176	36	0	54	68	52	68	2	7	20	0	0	0	0
81	Miecz Półtoraręczny+1	1	0	2	262176	36	0	60	74	58	74	2	7	20	0	0	0	0
82	Miecz Półtoraręczny+2	1	0	2	262176	36	0	66	80	64	80	2	7	20	0	0	0	0
83	Miecz Półtoraręczny+3	1	0	2	262176	36	0	72	86	70	86	2	7	20	0	0	0	0
84	Miecz Półtoraręczny+4	1	0	2	262176	36	0	78	92	76	92	2	7	20	0	0	0	0
85	Miecz Półtoraręczny+5	1	0	2	262176	36	0	86	100	84	100	2	7	20	0	0	0	0
86	Miecz Półtoraręczny+6	1	0	2	262176	36	0	95	109	93	109	2	7	20	0	0	0	0
87	Miecz Półtoraręczny+7	1	0	2	262432	36	0	105	119	103	119	2	7	20	0	0	0	0
88	Miecz Półtoraręczny+8	1	0	2	262432	36	0	116	130	114	130	2	7	20	0	0	0	0
89	Miecz Półtoraręczny+9	1	0	2	262432	36	0	128	142	126	142	2	7	20	0	0	0	0
90	Miecz Barbarzyńcy+0	1	0	2	262176	40	0	63	79	48	58	2	7	20	0	0	0	0
91	Miecz Barbarzyńcy+1	1	0	2	262176	40	0	69	85	54	64	2	7	20	0	0	0	0
92	Miecz Barbarzyńcy+2	1	0	2	262176	40	0	75	91	60	70	2	7	20	0	0	0	0
93	Miecz Barbarzyńcy+3	1	0	2	262176	40	0	81	97	66	76	2	7	20	0	0	0	0
94	Miecz Barbarzyńcy+4	1	0	2	262176	40	0	87	103	72	82	2	7	20	0	0	0	0
95	Miecz Barbarzyńcy+5	1	0	2	262176	40	0	95	111	80	90	2	7	20	0	0	0	0
96	Miecz Barbarzyńcy+6	1	0	2	262176	40	0	104	120	89	99	2	7	20	0	0	0	0
97	Miecz Barbarzyńcy+7	1	0	2	262432	40	0	114	130	99	109	2	7	20	0	0	0	0
98	Miecz Barbarzyńcy+8	1	0	2	262432	40	0	125	141	110	120	2	7	20	0	0	0	0
99	Miecz Barbarzyńcy+9	1	0	2	262432	40	0	137	153	122	132	2	7	20	0	0	0	0
100	Krwawy Miecz+0	1	0	2	262176	45	0	73	90	69	91	3	7	25	0	0	0	0
101	Krwawy Miecz+1	1	0	2	262176	45	0	78	95	74	96	3	7	25	0	0	0	0
102	Krwawy Miecz+2	1	0	2	262176	45	0	83	100	79	101	3	7	25	0	0	0	0
103	Krwawy Miecz+3	1	0	2	262176	45	0	88	105	84	106	3	7	25	0	0	0	0
104	Krwawy Miecz+4	1	0	2	262176	45	0	93	110	89	111	3	7	25	0	0	0	0
105	Krwawy Miecz+5	1	0	2	262176	45	0	100	117	96	118	3	7	25	0	0	0	0
106	Krwawy Miecz+6	1	0	2	262176	45	0	108	125	104	126	3	7	25	0	0	0	0
107	Krwawy Miecz+7	1	0	2	262432	45	0	117	134	113	135	3	7	25	0	0	0	0
108	Krwawy Miecz+8	1	0	2	262432	45	0	127	144	123	145	3	7	25	0	0	0	0
109	Krwawy Miecz+9	1	0	2	262432	45	0	138	155	134	156	3	7	25	0	0	0	0
110	Wielki Miecz+0	1	0	2	262176	50	0	79	100	65	87	3	7	22	0	0	0	0
111	Wielki Miecz+1	1	0	2	262176	50	0	85	106	71	93	3	7	22	0	0	0	0
112	Wielki Miecz+2	1	0	2	262176	50	0	91	112	77	99	3	7	22	0	0	0	0
113	Wielki Miecz+3	1	0	2	262176	50	0	97	118	83	105	3	7	22	0	0	0	0
114	Wielki Miecz+4	1	0	2	262176	50	0	103	124	89	111	3	7	22	0	0	0	0
115	Wielki Miecz+5	1	0	2	262176	50	0	111	132	97	119	3	7	22	0	0	0	0
116	Wielki Miecz+6	1	0	2	262176	50	0	120	141	106	128	3	7	22	0	0	0	0
117	Wielki Miecz+7	1	0	2	262432	50	0	130	151	116	138	3	7	22	0	0	0	0
118	Wielki Miecz+8	1	0	2	262432	50	0	141	162	127	149	3	7	22	0	0	0	0
119	Wielki Miecz+9	1	0	2	262432	50	0	153	174	139	161	3	7	22	0	0	0	0
120	Miecz Lat. Maga+0	1	0	2	262176	55	0	90	110	72	108	3	7	20	0	0	0	0
121	Miecz Lat. Maga+1	1	0	2	262176	55	0	96	116	78	114	3	7	20	0	0	0	0
122	Miecz Lat. Maga+2	1	0	2	262176	55	0	102	122	84	120	3	7	20	0	0	0	0
123	Miecz Lat. Maga+3	1	0	2	262176	55	0	108	128	90	126	3	7	20	0	0	0	0
124	Miecz Lat. Maga+4	1	0	2	262176	55	0	114	134	96	132	3	7	20	0	0	0	0
125	Miecz Lat. Maga+5	1	0	2	262176	55	0	122	142	104	140	3	7	20	0	0	0	0
126	Miecz Lat. Maga+6	1	0	2	262176	55	0	131	151	113	149	3	7	20	0	0	0	0
127	Miecz Lat. Maga+7	1	0	2	262432	55	0	141	161	123	159	3	7	20	0	0	0	0
128	Miecz Lat. Maga+8	1	0	2	262432	55	0	152	172	134	170	3	7	20	0	0	0	0
129	Miecz Lat. Maga+9	1	0	2	262432	55	0	164	184	146	182	3	7	20	0	0	0	0
130	Pół-księżycowy Miecz+0	1	0	2	262176	60	0	97	120	74	100	3	7	17	0	0	0	0
131	Pół-księżycowy Miecz+1	1	0	2	262176	60	0	105	128	82	108	3	7	17	0	0	0	0
132	Pół-księżycowy Miecz+2	1	0	2	262176	60	0	114	137	91	117	3	7	17	0	0	0	0
133	Pół-księżycowy Miecz+3	1	0	2	262176	60	0	124	147	101	127	3	7	17	0	0	0	0
134	Pół-księżycowy Miecz+4	1	0	2	262176	60	0	131	154	108	134	3	7	17	0	0	0	0
135	Pół-księżycowy Miecz+5	1	0	2	262176	60	0	139	162	116	142	3	7	17	0	0	0	0
136	Pół-księżycowy Miecz+6	1	0	2	262176	60	0	148	171	125	151	3	7	17	0	0	0	0
137	Pół-księżycowy Miecz+7	1	0	2	262432	60	0	158	181	135	161	3	7	17	0	0	0	0
138	Pół-księżycowy Miecz+8	1	0	2	262432	60	0	169	192	146	172	3	7	17	0	0	0	0
139	Pół-księżycowy Miecz+9	1	0	2	262432	60	0	182	205	159	185	3	7	17	0	0	0	0
140	Miecz Bojowy+0	1	0	2	262176	65	0	100	140	65	87	3	7	15	0	0	0	0
141	Miecz Bojowy+1	1	0	2	262176	65	0	108	148	71	93	3	7	15	0	0	0	0
142	Miecz Bojowy+2	1	0	2	262176	65	0	117	157	78	100	3	7	15	0	0	0	0
143	Miecz Bojowy+3	1	0	2	262176	65	0	127	167	86	108	3	7	15	0	0	0	0
144	Miecz Bojowy+4	1	0	2	262176	65	0	138	178	95	117	3	7	15	0	0	0	0
145	Miecz Bojowy+5	1	0	2	262176	65	0	150	190	105	127	3	7	15	0	0	0	0
146	Miecz Bojowy+6	1	0	2	262176	65	0	163	203	116	138	3	7	15	0	0	0	0
147	Miecz Bojowy+7	1	0	2	262432	65	0	177	217	128	150	3	7	15	0	0	0	0
148	Miecz Bojowy+8	1	0	2	262432	65	0	202	242	141	163	3	7	15	0	0	0	0
149	Miecz Bojowy+9	1	0	2	262432	65	0	237	277	155	177	3	7	15	0	0	0	0
150	Miecz Szponu Ducha+0	1	0	2	262188	65	0	77	105	90	110	3	7	15	0	0	0	0
151	Miecz Szponu Ducha+1	1	0	2	262188	65	0	82	110	98	118	3	7	15	0	0	0	0
152	Miecz Szponu Ducha+2	1	0	2	262188	65	0	87	117	107	127	3	7	15	0	0	0	0
153	Miecz Szponu Ducha+3	1	0	2	262188	65	0	96	126	117	137	3	7	15	0	0	0	0
154	Miecz Szponu Ducha+4	1	0	2	262188	65	0	105	136	128	148	3	7	15	0	0	0	0
155	Miecz Szponu Ducha+5	1	0	2	262188	65	0	113	146	140	160	3	7	15	0	0	0	0
156	Miecz Szponu Ducha+6	1	0	2	262188	65	0	119	156	153	173	3	7	15	0	0	0	0
157	Miecz Szponu Ducha+7	1	0	2	262444	65	0	123	164	167	187	3	7	15	0	0	0	0
158	Miecz Szponu Ducha+8	1	0	2	262444	65	0	131	181	192	212	3	7	15	0	0	0	0
159	Miecz Szponu Ducha+9	1	0	2	262444	65	0	142	204	227	247	3	7	15	0	0	0	0
160	Miecz Nimfy+0	1	0	2	262176	65	0	102	138	69	81	3	7	25	0	0	0	0
161	Miecz Nimfy+1	1	0	2	262176	65	0	110	146	77	89	3	7	25	0	0	0	0
162	Miecz Nimfy+2	1	0	2	262176	65	0	119	155	86	98	3	7	25	0	0	0	0
163	Miecz Nimfy+3	1	0	2	262176	65	0	128	164	95	107	3	7	25	0	0	0	0
164	Miecz Nimfy+4	1	0	2	262176	65	0	137	173	104	116	3	7	25	0	0	0	0
165	Miecz Nimfy+5	1	0	2	262176	65	0	147	183	114	126	3	7	25	0	0	0	0
166	Miecz Nimfy+6	1	0	2	262176	65	0	158	194	125	137	3	7	25	0	0	0	0
167	Miecz Nimfy+7	1	0	2	262432	65	0	170	206	137	149	3	7	25	0	0	0	0
168	Miecz Nimfy+8	1	0	2	262432	65	0	183	219	150	162	3	7	25	0	0	0	0
169	Miecz Nimfy+9	1	0	2	262432	65	0	202	238	169	181	3	7	25	0	0	0	0
170	Miecz Żądło+0	1	0	2	262176	70	0	90	126	59	78	3	7	15	17	1	0	0
171	Miecz Żądło+1	1	0	2	262176	70	0	98	134	65	85	3	7	15	17	2	0	0
172	Miecz Żądło+2	1	0	2	262176	70	0	107	143	72	92	3	7	15	17	3	0	0
173	Miecz Żądło+3	1	0	2	262176	70	0	117	153	80	100	3	7	15	17	4	0	0
174	Miecz Żądło+4	1	0	2	262176	70	0	128	164	89	109	3	7	15	17	5	0	0
175	Miecz Żądło+5	1	0	2	262176	70	0	140	176	100	119	3	7	15	17	6	0	0
176	Miecz Żądło+6	1	0	2	262176	70	0	153	189	111	131	3	7	15	17	7	0	0
177	Miecz Żądło+7	1	0	2	262432	70	0	167	203	123	143	3	7	15	17	9	0	0
178	Miecz Żądło+8	1	0	2	262432	70	0	192	228	137	157	3	7	15	17	11	0	0
179	Miecz Żądło+9	1	0	2	262432	70	0	227	263	153	173	3	7	15	17	15	0	0
180	Zatruty Miecz+0	1	0	2	262176	75	0	100	140	0	0	3	7	15	0	0	0	0
181	Zatruty Miecz+1	1	0	2	262176	75	0	108	148	0	0	3	7	15	0	0	0	0
182	Zatruty Miecz+2	1	0	2	262176	75	0	117	157	0	0	3	7	15	0	0	0	0
183	Zatruty Miecz+3	1	0	2	262176	75	0	127	167	0	0	3	7	15	0	0	0	0
184	Zatruty Miecz+4	1	0	2	262176	75	0	138	178	0	0	3	7	15	0	0	0	0
185	Zatruty Miecz+5	1	0	2	262176	75	0	150	190	0	0	3	7	15	0	0	0	0
186	Zatruty Miecz+6	1	0	2	262176	75	0	163	203	0	0	3	7	15	0	0	0	0
187	Zatruty Miecz+7	1	0	2	262432	75	0	177	217	0	0	3	7	15	0	0	0	0
188	Zatruty Miecz+8	1	0	2	262432	75	0	202	242	0	0	3	7	15	0	0	0	0
189	Zatruty Miecz+9	1	0	2	262432	75	0	237	277	0	0	3	7	15	0	0	0	0
190	Lwi Miecz+0	1	0	2	262188	75	0	90	110	77	105	3	7	12	0	0	0	0
191	Lwi Miecz+1	1	0	2	262188	75	0	96	118	82	110	3	7	13	0	0	0	0
192	Lwi Miecz+2	1	0	2	262188	75	0	103	127	87	117	3	7	14	0	0	0	0
193	Lwi Miecz+3	1	0	2	262188	75	0	111	137	96	126	3	7	15	0	0	0	0
194	Lwi Miecz+4	1	0	2	262188	75	0	120	148	105	136	3	7	16	0	0	0	0
195	Lwi Miecz+5	1	0	2	262188	75	0	130	160	113	146	3	7	17	0	0	0	0
196	Lwi Miecz+6	1	0	2	262188	75	0	141	173	119	156	3	7	18	0	0	0	0
197	Lwi Miecz+7	1	0	2	262444	75	0	158	187	123	164	3	7	19	0	0	0	0
198	Lwi Miecz+8	1	0	2	262444	75	0	180	217	136	186	3	7	21	0	0	0	0
199	Lwi Miecz+9	1	0	2	262444	75	0	207	257	152	215	3	7	24	0	0	0	0
240	Miecz Egzorcysty+0	1	0	2	262188	65	0	74	98	98	142	3	7	17	0	0	0	0
241	Miecz Egzorcysty+1	1	0	2	262188	65	0	80	104	104	148	3	7	18	0	0	0	0
242	Miecz Egzorcysty+2	1	0	2	262188	65	0	87	111	111	155	3	7	19	0	0	0	0
243	Miecz Egzorcysty+3	1	0	2	262188	65	0	95	119	119	163	3	7	20	0	0	0	0
244	Miecz Egzorcysty+4	1	0	2	262188	65	0	104	128	128	172	3	7	21	0	0	0	0
245	Miecz Egzorcysty+5	1	0	2	262188	65	0	114	138	138	182	3	7	22	0	0	0	0
246	Miecz Egzorcysty+6	1	0	2	262188	65	0	125	149	149	193	3	7	23	0	0	0	0
247	Miecz Egzorcysty+7	1	0	2	262444	65	0	137	161	161	205	3	7	24	0	0	0	0
248	Miecz Egzorcysty+8	1	0	2	262444	65	0	150	174	174	218	3	7	25	0	0	0	0
249	Miecz Egzorcysty+9	1	0	2	262444	65	0	164	188	188	232	3	7	27	0	0	0	0
250	Demoniczne Ostrze+0	1	0	2	262188	70	0	77	105	80	100	3	7	15	17	1	0	0
251	Demoniczne Ostrze+1	1	0	2	262188	70	0	82	110	88	108	3	7	15	17	2	0	0
252	Demoniczne Ostrze+2	1	0	2	262188	70	0	87	117	97	117	3	7	15	17	3	0	0
253	Demoniczne Ostrze+3	1	0	2	262188	70	0	96	126	107	127	3	7	15	17	4	0	0
254	Demoniczne Ostrze+4	1	0	2	262188	70	0	105	136	118	138	3	7	15	17	5	0	0
255	Demoniczne Ostrze+5	1	0	2	262188	70	0	113	146	130	150	3	7	15	17	6	0	0
256	Demoniczne Ostrze+6	1	0	2	262188	70	0	119	156	143	163	3	7	15	17	7	0	0
257	Demoniczne Ostrze+7	1	0	2	262444	70	0	123	164	157	177	3	7	15	17	9	0	0
258	Demoniczne Ostrze+8	1	0	2	262444	70	0	131	181	182	202	3	7	15	17	11	0	0
259	Demoniczne Ostrze+9	1	0	2	262444	70	0	142	204	217	237	3	7	15	17	15	0	0
290	Miecz Pełni Księżyca+0	1	0	2	262176	30	0	57	73	62	88	2	7	15	0	0	0	0
291	Miecz Pełni Księżyca+1	1	0	2	262176	30	0	63	79	68	94	2	7	15	0	0	0	0
292	Miecz Pełni Księżyca+2	1	0	2	262176	30	0	68	84	73	99	2	7	15	0	0	0	0
293	Miecz Pełni Księżyca+3	1	0	2	262176	30	0	74	90	79	105	2	7	15	0	0	0	0
294	Miecz Pełni Księżyca+4	1	0	2	262176	30	0	79	95	84	110	2	7	15	0	0	0	0
295	Miecz Pełni Księżyca+5	1	0	2	262176	30	0	87	103	92	118	2	7	15	0	0	0	0
296	Miecz Pełni Księżyca+6	1	0	2	262176	30	0	95	111	100	126	2	7	15	0	0	0	0
297	Miecz Pełni Księżyca+7	1	0	2	262432	30	0	105	121	110	136	2	7	15	0	0	0	0
298	Miecz Pełni Księżyca+8	1	0	2	262432	30	0	115	131	120	146	2	7	15	0	0	0	0
299	Miecz Pełni Księżyca+9	1	0	2	262432	30	0	127	143	132	158	2	7	15	0	0	0	0
1000	Sztylet+0	1	1	1	262196	0	0	11	15	0	0	1	7	20	0	0	0	0
1001	Sztylet+1	1	1	1	262196	0	0	15	19	0	0	1	7	20	0	0	0	0
1002	Sztylet+2	1	1	1	262196	0	0	19	23	0	0	1	7	20	0	0	0	0
1003	Sztylet+3	1	1	1	262196	0	0	23	27	0	0	1	7	20	0	0	0	0
1004	Sztylet+4	1	1	1	262196	0	0	27	31	0	0	1	7	20	0	0	0	0
1005	Sztylet+5	1	1	1	262196	0	0	31	35	0	0	1	7	20	0	0	0	0
1006	Sztylet+6	1	1	1	262196	0	0	35	39	0	0	1	7	20	0	0	0	0
1007	Sztylet+7	1	1	1	262452	0	0	39	43	0	0	1	7	20	0	0	0	0
1008	Sztylet+8	1	1	1	262452	0	0	43	47	0	0	1	7	20	0	0	0	0
1009	Sztylet+9	1	1	1	262452	0	0	47	51	0	0	1	7	20	0	0	0	0
1010	Sztylet Kobry+0	1	1	1	262196	10	0	21	25	0	0	1	7	20	0	0	0	0
1011	Sztylet Kobry+1	1	1	1	262196	10	0	25	29	0	0	1	7	20	0	0	0	0
1012	Sztylet Kobry+2	1	1	1	262196	10	0	29	33	0	0	1	7	20	0	0	0	0
1013	Sztylet Kobry+3	1	1	1	262196	10	0	33	37	0	0	1	7	20	0	0	0	0
1014	Sztylet Kobry+4	1	1	1	262196	10	0	37	41	0	0	1	7	20	0	0	0	0
1015	Sztylet Kobry+5	1	1	1	262196	10	0	41	45	0	0	1	7	20	0	0	0	0
1016	Sztylet Kobry+6	1	1	1	262196	10	0	45	49	0	0	1	7	20	0	0	0	0
1017	Sztylet Kobry+7	1	1	1	262452	10	0	49	53	0	0	1	7	20	0	0	0	0
1018	Sztylet Kobry+8	1	1	1	262452	10	0	53	57	0	0	1	7	20	0	0	0	0
1019	Sztylet Kobry+9	1	1	1	262452	10	0	57	61	0	0	1	7	20	0	0	0	0
1020	Sztylet Nożycowy+0	1	1	1	262196	20	0	31	35	0	0	1	7	20	0	0	0	0
1021	Sztylet Nożycowy+1	1	1	1	262196	20	0	35	39	0	0	1	7	20	0	0	0	0
1022	Sztylet Nożycowy+2	1	1	1	262196	20	0	39	43	0	0	1	7	20	0	0	0	0
1023	Sztylet Nożycowy+3	1	1	1	262196	20	0	43	47	0	0	1	7	20	0	0	0	0
1024	Sztylet Nożycowy+4	1	1	1	262196	20	0	47	51	0	0	1	7	20	0	0	0	0
1025	Sztylet Nożycowy+5	1	1	1	262196	20	0	51	55	0	0	1	7	20	0	0	0	0
1026	Sztylet Nożycowy+6	1	1	1	262196	20	0	55	59	0	0	1	7	20	0	0	0	0
1027	Sztylet Nożycowy+7	1	1	1	262452	20	0	59	63	0	0	1	7	20	0	0	0	0
1028	Sztylet Nożycowy+8	1	1	1	262452	20	0	63	67	0	0	1	7	20	0	0	0	0
1029	Sztylet Nożycowy+9	1	1	1	262452	20	0	67	71	0	0	1	7	20	0	0	0	0
1030	Nóż Szczęścia+0	1	1	1	262196	32	0	47	55	0	0	2	7	20	0	0	0	0
1031	Nóż Szczęścia+1	1	1	1	262196	32	0	50	58	0	0	2	7	20	0	0	0	0
1032	Nóż Szczęścia+2	1	1	1	262196	32	0	53	61	0	0	2	7	20	0	0	0	0
1033	Nóż Szczęścia+3	1	1	1	262196	32	0	56	64	0	0	2	7	20	0	0	0	0
1034	Nóż Szczęścia+4	1	1	1	262196	32	0	59	67	0	0	2	7	20	0	0	0	0
1035	Nóż Szczęścia+5	1	1	1	262196	32	0	64	72	0	0	2	7	20	0	0	0	0
1036	Nóż Szczęścia+6	1	1	1	262196	32	0	70	78	0	0	2	7	20	0	0	0	0
1037	Nóż Szczęścia+7	1	1	1	262452	32	0	77	85	0	0	2	7	20	0	0	0	0
1038	Nóż Szczęścia+8	1	1	1	262452	32	0	85	93	0	0	2	7	20	0	0	0	0
1039	Nóż Szczęścia+9	1	1	1	262452	32	0	94	102	0	0	2	7	20	0	0	0	0
1040	Ukąszenie Kota+0	1	1	1	262196	36	0	55	64	0	0	2	7	20	0	0	0	0
1041	Ukąszenie Kota+1	1	1	1	262196	36	0	58	67	0	0	2	7	20	0	0	0	0
1042	Ukąszenie Kota+2	1	1	1	262196	36	0	61	70	0	0	2	7	20	0	0	0	0
1043	Ukąszenie Kota+3	1	1	1	262196	36	0	64	73	0	0	2	7	20	0	0	0	0
1044	Ukąszenie Kota+4	1	1	1	262196	36	0	67	76	0	0	2	7	20	0	0	0	0
1045	Ukąszenie Kota+5	1	1	1	262196	36	0	72	81	0	0	2	7	20	0	0	0	0
1046	Ukąszenie Kota+6	1	1	1	262196	36	0	78	87	0	0	2	7	20	0	0	0	0
1047	Ukąszenie Kota+7	1	1	1	262452	36	0	85	94	0	0	2	7	20	0	0	0	0
1048	Ukąszenie Kota+8	1	1	1	262452	36	0	93	102	0	0	2	7	20	0	0	0	0
1049	Ukąszenie Kota+9	1	1	1	262452	36	0	102	111	0	0	2	7	20	0	0	0	0
1050	Twarz Diabła+0	1	1	1	262196	40	0	66	70	0	0	2	7	20	0	0	0	0
1051	Twarz Diabła+1	1	1	1	262196	40	0	69	73	0	0	2	7	20	0	0	0	0
1052	Twarz Diabła+2	1	1	1	262196	40	0	72	76	0	0	2	7	20	0	0	0	0
1053	Twarz Diabła+3	1	1	1	262196	40	0	75	79	0	0	2	7	20	0	0	0	0
1054	Twarz Diabła+4	1	1	1	262196	40	0	78	82	0	0	2	7	20	0	0	0	0
1055	Twarz Diabła+5	1	1	1	262196	40	0	83	87	0	0	2	7	20	0	0	0	0
1056	Twarz Diabła+6	1	1	1	262196	40	0	89	93	0	0	2	7	20	0	0	0	0
1057	Twarz Diabła+7	1	1	1	262452	40	0	96	100	0	0	2	7	20	0	0	0	0
1058	Twarz Diabła+8	1	1	1	262452	40	0	104	108	0	0	2	7	20	0	0	0	0
1059	Twarz Diabła+9	1	1	1	262452	40	0	113	117	0	0	2	7	20	0	0	0	0
1060	Sztylet Pięści Diab.+0	1	1	1	262196	45	0	61	66	0	0	3	7	25	0	0	0	0
1061	Sztylet Pięści Diab.+1	1	1	1	262196	45	0	64	69	0	0	3	7	25	0	0	0	0
1062	Sztylet Pięści Diab.+2	1	1	1	262196	45	0	67	72	0	0	3	7	25	0	0	0	0
1063	Sztylet Pięści Diab.+3	1	1	1	262196	45	0	70	75	0	0	3	7	25	0	0	0	0
1064	Sztylet Pięści Diab.+4	1	1	1	262196	45	0	73	78	0	0	3	7	25	0	0	0	0
1065	Sztylet Pięści Diab.+5	1	1	1	262196	45	0	78	83	0	0	3	7	25	0	0	0	0
1066	Sztylet Pięści Diab.+6	1	1	1	262196	45	0	84	89	0	0	3	7	25	0	0	0	0
1067	Sztylet Pięści Diab.+7	1	1	1	262452	45	0	91	96	0	0	3	7	25	0	0	0	0
1068	Sztylet Pięści Diab.+8	1	1	1	262452	45	0	99	104	0	0	3	7	25	0	0	0	0
1069	Sztylet Pięści Diab.+9	1	1	1	262452	45	0	108	113	0	0	3	7	25	0	0	0	0
1070	Krwawy Sztylet+0	1	1	1	262196	50	0	67	77	0	0	3	7	22	0	0	0	0
1071	Krwawy Sztylet+1	1	1	1	262196	50	0	70	80	0	0	3	7	22	0	0	0	0
1072	Krwawy Sztylet+2	1	1	1	262196	50	0	73	83	0	0	3	7	22	0	0	0	0
1073	Krwawy Sztylet+3	1	1	1	262196	50	0	76	86	0	0	3	7	22	0	0	0	0
1074	Krwawy Sztylet+4	1	1	1	262196	50	0	79	89	0	0	3	7	22	0	0	0	0
1075	Krwawy Sztylet+5	1	1	1	262196	50	0	84	94	0	0	3	7	22	0	0	0	0
1076	Krwawy Sztylet+6	1	1	1	262196	50	0	90	100	0	0	3	7	22	0	0	0	0
1077	Krwawy Sztylet+7	1	1	1	262452	50	0	97	107	0	0	3	7	22	0	0	0	0
1078	Krwawy Sztylet+8	1	1	1	262452	50	0	105	115	0	0	3	7	22	0	0	0	0
1079	Krwawy Sztylet+9	1	1	1	262452	50	0	114	124	0	0	3	7	22	0	0	0	0
1080	Żebrowy Nóż+0	1	1	1	262196	55	0	80	103	0	0	3	7	20	0	0	0	0
1081	Żebrowy Nóż+1	1	1	1	262196	55	0	82	105	0	0	3	7	20	0	0	0	0
1082	Żebrowy Nóż+2	1	1	1	262196	55	0	84	107	0	0	3	7	20	0	0	0	0
1083	Żebrowy Nóż+3	1	1	1	262196	55	0	86	109	0	0	3	7	20	0	0	0	0
1084	Żebrowy Nóż+4	1	1	1	262196	55	0	88	111	0	0	3	7	20	0	0	0	0
1085	Żebrowy Nóż+5	1	1	1	262196	55	0	92	115	0	0	3	7	20	0	0	0	0
1086	Żebrowy Nóż+6	1	1	1	262196	55	0	97	120	0	0	3	7	20	0	0	0	0
1087	Żebrowy Nóż+7	1	1	1	262452	55	0	103	126	0	0	3	7	20	0	0	0	0
1088	Żebrowy Nóż+8	1	1	1	262452	55	0	110	133	0	0	3	7	20	0	0	0	0
1089	Żebrowy Nóż+9	1	1	1	262452	55	0	118	141	0	0	3	7	20	0	0	0	0
1090	Chakram+0	1	1	1	262196	60	0	95	120	0	0	3	7	17	0	0	0	0
1091	Chakram+1	1	1	1	262196	60	0	97	122	0	0	3	7	17	0	0	0	0
1092	Chakram+2	1	1	1	262196	60	0	99	124	0	0	3	7	17	0	0	0	0
1093	Chakram+3	1	1	1	262196	60	0	101	126	0	0	3	7	17	0	0	0	0
1094	Chakram+4	1	1	1	262196	60	0	103	128	0	0	3	7	17	0	0	0	0
1095	Chakram+5	1	1	1	262196	60	0	107	132	0	0	3	7	17	0	0	0	0
1096	Chakram+6	1	1	1	262196	60	0	112	137	0	0	3	7	17	0	0	0	0
1097	Chakram+7	1	1	1	262452	60	0	118	143	0	0	3	7	17	0	0	0	0
1098	Chakram+8	1	1	1	262452	60	0	125	150	0	0	3	7	17	0	0	0	0
1099	Chakram+9	1	1	1	262452	60	0	133	158	0	0	3	7	17	0	0	0	0
1100	Smoczy Nóż+0	1	1	1	262196	65	0	74	86	0	0	3	7	15	0	0	0	0
1101	Smoczy Nóż+1	1	1	1	262196	65	0	82	94	0	0	3	7	15	0	0	0	0
1102	Smoczy Nóż+2	1	1	1	262196	65	0	91	103	0	0	3	7	15	0	0	0	0
1103	Smoczy Nóż+3	1	1	1	262196	65	0	101	113	0	0	3	7	15	0	0	0	0
1104	Smoczy Nóż+4	1	1	1	262196	65	0	112	124	0	0	3	7	15	0	0	0	0
1105	Smoczy Nóż+5	1	1	1	262196	65	0	124	136	0	0	3	7	15	0	0	0	0
1106	Smoczy Nóż+6	1	1	1	262196	65	0	137	149	0	0	3	7	15	0	0	0	0
1107	Smoczy Nóż+7	1	1	1	262452	65	0	151	163	0	0	3	7	15	0	0	0	0
1108	Smoczy Nóż+8	1	1	1	262452	65	0	176	188	0	0	3	7	15	0	0	0	0
1109	Smoczy Nóż+9	1	1	1	262452	65	0	211	223	0	0	3	7	15	0	0	0	0
1110	Nóż Błyskawicy+0	1	1	1	262196	65	0	74	86	0	0	3	7	25	0	0	0	0
1111	Nóż Błyskawicy+1	1	1	1	262196	65	0	80	92	0	0	3	7	25	0	0	0	0
1112	Nóż Błyskawicy+2	1	1	1	262196	65	0	87	99	0	0	3	7	25	0	0	0	0
1113	Nóż Błyskawicy+3	1	1	1	262196	65	0	95	107	0	0	3	7	25	0	0	0	0
1114	Nóż Błyskawicy+4	1	1	1	262196	65	0	104	116	0	0	3	7	25	0	0	0	0
1115	Nóż Błyskawicy+5	1	1	1	262196	65	0	114	126	0	0	3	7	25	0	0	0	0
1116	Nóż Błyskawicy+6	1	1	1	262196	65	0	125	137	0	0	3	7	25	0	0	0	0
1117	Nóż Błyskawicy+7	1	1	1	262452	65	0	137	149	0	0	3	7	25	0	0	0	0
1118	Nóż Błyskawicy+8	1	1	1	262452	65	0	150	162	0	0	3	7	25	0	0	0	0
1119	Nóż Błyskawicy+9	1	1	1	262452	65	0	164	176	0	0	3	7	25	0	0	0	0
1120	Nóż Siamese+0	1	1	1	262196	70	0	67	77	0	0	3	7	15	17	1	0	0
1121	Nóż Siamese+1	1	1	1	262196	70	0	74	85	0	0	3	7	15	17	2	0	0
1122	Nóż Siamese+2	1	1	1	262196	70	0	82	93	0	0	3	7	15	17	3	0	0
1123	Nóż Siamese+3	1	1	1	262196	70	0	91	102	0	0	3	7	15	17	4	0	0
1124	Nóż Siamese+4	1	1	1	262196	70	0	101	112	0	0	3	7	15	17	5	0	0
1125	Nóż Siamese+5	1	1	1	262196	70	0	112	122	0	0	3	7	15	17	6	0	0
1126	Nóż Siamese+6	1	1	1	262196	70	0	123	134	0	0	3	7	15	17	7	0	0
1127	Nóż Siamese+7	1	1	1	262452	70	0	136	147	0	0	3	7	15	17	9	0	0
1128	Nóż Siamese+8	1	1	1	262452	70	0	158	169	0	0	3	7	15	17	11	0	0
1129	Nóż Siamese+9	1	1	1	262452	70	0	190	201	0	0	3	7	15	17	15	0	0
1130	Skrzydła Demona Chakr.+0	1	1	1	262196	75	0	83	92	0	0	3	7	17	0	0	0	0
1131	Skrzydła Demona Chakr.+1	1	1	1	262196	75	0	91	100	0	0	3	7	18	0	0	0	0
1132	Skrzydła Demona Chakr.+2	1	1	1	262196	75	0	100	109	0	0	3	7	19	0	0	0	0
1133	Skrzydła Demona Chakr.+3	1	1	1	262196	75	0	110	119	0	0	3	7	20	0	0	0	0
1134	Skrzydła Demona Chakr.+4	1	1	1	262196	75	0	121	130	0	0	3	7	21	0	0	0	0
1135	Skrzydła Demona Chakr.+5	1	1	1	262196	75	0	133	142	0	0	3	7	22	0	0	0	0
1136	Skrzydła Demona Chakr.+6	1	1	1	262196	75	0	146	155	0	0	3	7	23	0	0	0	0
1137	Skrzydła Demona Chakr.+7	1	1	1	262452	75	0	160	169	0	0	3	7	24	0	0	0	0
1138	Skrzydła Demona Chakr.+8	1	1	1	262452	75	0	184	193	0	0	3	7	25	0	0	0	0
1139	Skrzydła Demona Chakr.+9	1	1	1	262452	75	0	220	229	0	0	3	7	26	0	0	0	0
1170	Kozik Czar. Liś.+0	1	1	1	262196	30	0	60	64	0	0	2	7	15	0	0	0	0
1171	Kozik Czar. Liś.+1	1	1	1	262196	30	0	63	67	0	0	2	7	15	0	0	0	0
1172	Kozik Czar. Liś.+2	1	1	1	262196	30	0	65	69	0	0	2	7	15	0	0	0	0
1173	Kozik Czar. Liś.+3	1	1	1	262196	30	0	68	72	0	0	2	7	15	0	0	0	0
1174	Kozik Czar. Liś.+4	1	1	1	262196	30	0	70	74	0	0	2	7	15	0	0	0	0
1175	Kozik Czar. Liś.+5	1	1	1	262196	30	0	75	79	0	0	2	7	15	0	0	0	0
1176	Kozik Czar. Liś.+6	1	1	1	262196	30	0	80	84	0	0	2	7	15	0	0	0	0
1177	Kozik Czar. Liś.+7	1	1	1	262452	30	0	87	91	0	0	2	7	15	0	0	0	0
1178	Kozik Czar. Liś.+8	1	1	1	262452	30	0	94	98	0	0	2	7	15	0	0	0	0
1179	Kozik Czar. Liś.+9	1	1	1	262452	30	0	103	107	0	0	2	7	15	0	0	0	0
2000	Łuk+0	1	2	2	262196	0	0	7	29	0	0	1	7	20	0	0	0	0
2001	Łuk+1	1	2	2	262196	0	0	15	37	0	0	1	7	20	0	0	0	0
2002	Łuk+2	1	2	2	262196	0	0	23	45	0	0	1	7	20	0	0	0	0
2003	Łuk+3	1	2	2	262196	0	0	31	53	0	0	1	7	20	0	0	0	0
2004	Łuk+4	1	2	2	262196	0	0	39	61	0	0	1	7	20	0	0	0	0
2005	Łuk+5	1	2	2	262196	0	0	47	69	0	0	1	7	20	0	0	0	0
2006	Łuk+6	1	2	2	262196	0	0	55	77	0	0	1	7	20	0	0	0	0
2007	Łuk+7	1	2	2	262452	0	0	63	85	0	0	1	7	20	0	0	0	0
2008	Łuk+8	1	2	2	262452	0	0	69	71	0	0	1	7	20	0	0	0	0
2009	Łuk+9	1	2	2	262452	0	0	79	101	0	0	1	7	20	0	0	0	0
2010	Długi Łuk+0	1	2	2	262196	5	0	15	51	0	0	1	7	20	0	0	0	0
2011	Długi Łuk+1	1	2	2	262196	5	0	23	59	0	0	1	7	20	0	0	0	0
2012	Długi Łuk+2	1	2	2	262196	5	0	31	67	0	0	1	7	20	0	0	0	0
2013	Długi Łuk+3	1	2	2	262196	5	0	39	75	0	0	1	7	20	0	0	0	0
2014	Długi Łuk+4	1	2	2	262196	5	0	47	83	0	0	1	7	20	0	0	0	0
2015	Długi Łuk+5	1	2	2	262196	5	0	55	91	0	0	1	7	20	0	0	0	0
2016	Długi Łuk+6	1	2	2	262196	5	0	63	99	0	0	1	7	20	0	0	0	0
2017	Długi Łuk+7	1	2	2	262452	5	0	71	107	0	0	1	7	20	0	0	0	0
2018	Długi Łuk+8	1	2	2	262452	5	0	79	115	0	0	1	7	20	0	0	0	0
2019	Długi Łuk+9	1	2	2	262452	5	0	87	123	0	0	1	7	20	0	0	0	0
2020	Kompozytowy Łuk+0	1	2	2	262196	10	0	19	57	0	0	1	7	20	0	0	0	0
2021	Kompozytowy Łuk+1	1	2	2	262196	10	0	27	65	0	0	1	7	20	0	0	0	0
2022	Kompozytowy Łuk+2	1	2	2	262196	10	0	35	73	0	0	1	7	20	0	0	0	0
2023	Kompozytowy Łuk+3	1	2	2	262196	10	0	43	81	0	0	1	7	20	0	0	0	0
2024	Kompozytowy Łuk+4	1	2	2	262196	10	0	51	89	0	0	1	7	20	0	0	0	0
2025	Kompozytowy Łuk+5	1	2	2	262196	10	0	59	97	0	0	1	7	20	0	0	0	0
2026	Kompozytowy Łuk+6	1	2	2	262196	10	0	67	105	0	0	1	7	20	0	0	0	0
2027	Kompozytowy Łuk+7	1	2	2	262452	10	0	75	113	0	0	1	7	20	0	0	0	0
2028	Kompozytowy Łuk+8	1	2	2	262452	10	0	83	121	0	0	1	7	20	0	0	0	0
2029	Kompozytowy Łuk+9	1	2	2	262452	10	0	91	129	0	0	1	7	20	0	0	0	0
2030	Bojowy Łuk+0	1	2	2	262196	15	0	26	70	0	0	1	7	20	0	0	0	0
2031	Bojowy Łuk+1	1	2	2	262196	15	0	34	78	0	0	1	7	20	0	0	0	0
2032	Bojowy Łuk+2	1	2	2	262196	15	0	42	86	0	0	1	7	20	0	0	0	0
2033	Bojowy Łuk+3	1	2	2	262196	15	0	50	94	0	0	1	7	20	0	0	0	0
2034	Bojowy Łuk+4	1	2	2	262196	15	0	58	102	0	0	1	7	20	0	0	0	0
2035	Bojowy Łuk+5	1	2	2	262196	15	0	66	110	0	0	1	7	20	0	0	0	0
2036	Bojowy Łuk+6	1	2	2	262196	15	0	74	118	0	0	1	7	20	0	0	0	0
2037	Bojowy Łuk+7	1	2	2	262452	15	0	82	126	0	0	1	7	20	0	0	0	0
2038	Bojowy Łuk+8	1	2	2	262452	15	0	90	134	0	0	1	7	20	0	0	0	0
2039	Bojowy Łuk+9	1	2	2	262452	15	0	98	142	0	0	1	7	20	0	0	0	0
2040	Długi Łuk Jeźdźcy+0	1	2	2	262196	20	0	40	88	0	0	1	7	20	0	0	0	0
2041	Długi Łuk Jeźdźcy+1	1	2	2	262196	20	0	48	96	0	0	1	7	20	0	0	0	0
2042	Długi Łuk Jeźdźcy+2	1	2	2	262196	20	0	56	104	0	0	1	7	20	0	0	0	0
2043	Długi Łuk Jeźdźcy+3	1	2	2	262196	20	0	64	112	0	0	1	7	20	0	0	0	0
2044	Długi Łuk Jeźdźcy+4	1	2	2	262196	20	0	72	120	0	0	1	7	20	0	0	0	0
2045	Długi Łuk Jeźdźcy+5	1	2	2	262196	20	0	80	128	0	0	1	7	20	0	0	0	0
2046	Długi Łuk Jeźdźcy+6	1	2	2	262196	20	0	88	136	0	0	1	7	20	0	0	0	0
2047	Długi Łuk Jeźdźcy+7	1	2	2	262452	20	0	96	144	0	0	1	7	20	0	0	0	0
2048	Długi Łuk Jeźdźcy+8	1	2	2	262452	20	0	104	152	0	0	1	7	20	0	0	0	0
2049	Długi Łuk Jeźdźcy+9	1	2	2	262452	20	0	112	160	0	0	1	7	20	0	0	0	0
2050	Bojowy Łuk Jeźdźcy+0	1	2	2	262196	25	0	50	118	0	0	2	7	20	0	0	0	0
2051	Bojowy Łuk Jeźdźcy+1	1	2	2	262196	25	0	57	125	0	0	2	7	20	0	0	0	0
2052	Bojowy Łuk Jeźdźcy+2	1	2	2	262196	25	0	64	132	0	0	2	7	20	0	0	0	0
2053	Bojowy Łuk Jeźdźcy+3	1	2	2	262196	25	0	71	139	0	0	2	7	20	0	0	0	0
2054	Bojowy Łuk Jeźdźcy+4	1	2	2	262196	25	0	78	146	0	0	2	7	20	0	0	0	0
2055	Bojowy Łuk Jeźdźcy+5	1	2	2	262196	25	0	87	155	0	0	2	7	20	0	0	0	0
2056	Bojowy Łuk Jeźdźcy+6	1	2	2	262196	25	0	97	165	0	0	2	7	20	0	0	0	0
2057	Bojowy Łuk Jeźdźcy+7	1	2	2	262452	25	0	108	176	0	0	2	7	20	0	0	0	0
2058	Bojowy Łuk Jeźdźcy+8	1	2	2	262452	25	0	120	188	0	0	2	7	20	0	0	0	0
2059	Bojowy Łuk Jeźdźcy+9	1	2	2	262452	25	0	133	201	0	0	2	7	20	0	0	0	0
2060	Miedziany Łuk+0	1	2	2	262196	32	0	53	124	0	0	2	7	20	0	0	0	0
2061	Miedziany Łuk+1	1	2	2	262196	32	0	60	131	0	0	2	7	20	0	0	0	0
2062	Miedziany Łuk+2	1	2	2	262196	32	0	67	139	0	0	2	7	20	0	0	0	0
2063	Miedziany Łuk+3	1	2	2	262196	32	0	75	146	0	0	2	7	20	0	0	0	0
2064	Miedziany Łuk+4	1	2	2	262196	32	0	82	153	0	0	2	7	20	0	0	0	0
2065	Miedziany Łuk+5	1	2	2	262196	32	0	91	163	0	0	2	7	20	0	0	0	0
2066	Miedziany Łuk+6	1	2	2	262196	32	0	102	173	0	0	2	7	20	0	0	0	0
2067	Miedziany Łuk+7	1	2	2	262452	32	0	113	185	0	0	2	7	20	0	0	0	0
2068	Miedziany Łuk+8	1	2	2	262452	32	0	126	197	0	0	2	7	20	0	0	0	0
2069	Miedziany Łuk+9	1	2	2	262452	32	0	140	211	0	0	2	7	20	0	0	0	0
2070	Łuk Czarnych Ruin+0	1	2	2	262196	36	0	64	150	0	0	2	7	20	0	0	0	0
2071	Łuk Czarnych Ruin+1	1	2	2	262196	36	0	71	157	0	0	2	7	20	0	0	0	0
2072	Łuk Czarnych Ruin+2	1	2	2	262196	36	0	78	164	0	0	2	7	20	0	0	0	0
2073	Łuk Czarnych Ruin+3	1	2	2	262196	36	0	85	171	0	0	2	7	20	0	0	0	0
2074	Łuk Czarnych Ruin+4	1	2	2	262196	36	0	92	178	0	0	2	7	20	0	0	0	0
2075	Łuk Czarnych Ruin+5	1	2	2	262196	36	0	101	187	0	0	2	7	20	0	0	0	0
2076	Łuk Czarnych Ruin+6	1	2	2	262196	36	0	111	197	0	0	2	7	20	0	0	0	0
2077	Łuk Czarnych Ruin+7	1	2	2	262452	36	0	122	208	0	0	2	7	20	0	0	0	0
2078	Łuk Czarnych Ruin+8	1	2	2	262452	36	0	134	220	0	0	2	7	20	0	0	0	0
2079	Łuk Czarnych Ruin+9	1	2	2	262452	36	0	147	233	0	0	2	7	20	0	0	0	0
2080	Łuk Czerwonego Oka+0	1	2	2	262196	40	0	69	162	0	0	2	7	20	0	0	0	0
2081	Łuk Czerwonego Oka+1	1	2	2	262196	40	0	77	170	0	0	2	7	20	0	0	0	0
2082	Łuk Czerwonego Oka+2	1	2	2	262196	40	0	84	177	0	0	2	7	20	0	0	0	0
2083	Łuk Czerwonego Oka+3	1	2	2	262196	40	0	92	185	0	0	2	7	20	0	0	0	0
2084	Łuk Czerwonego Oka+4	1	2	2	262196	40	0	99	192	0	0	2	7	20	0	0	0	0
2085	Łuk Czerwonego Oka+5	1	2	2	262196	40	0	109	202	0	0	2	7	20	0	0	0	0
2086	Łuk Czerwonego Oka+6	1	2	2	262196	40	0	120	213	0	0	2	7	20	0	0	0	0
2087	Łuk Czerwonego Oka+7	1	2	2	262452	40	0	132	225	0	0	2	7	20	0	0	0	0
2088	Łuk Czerwonego Oka+8	1	2	2	262452	40	0	145	238	0	0	2	7	20	0	0	0	0
2089	Łuk Czerwonego Oka+9	1	2	2	262452	40	0	159	252	0	0	2	7	20	0	0	0	0
2090	Łuk Kolczastego Liś.+0	1	2	2	262196	45	0	65	194	0	0	3	7	24	0	0	0	0
2091	Łuk Kolczastego Liś.+1	1	2	2	262196	45	0	72	201	0	0	3	7	24	0	0	0	0
2092	Łuk Kolczastego Liś.+2	1	2	2	262196	45	0	79	208	0	0	3	7	24	0	0	0	0
2093	Łuk Kolczastego Liś.+3	1	2	2	262196	45	0	86	215	0	0	3	7	24	0	0	0	0
2094	Łuk Kolczastego Liś.+4	1	2	2	262196	45	0	93	222	0	0	3	7	24	0	0	0	0
2095	Łuk Kolczastego Liś.+5	1	2	2	262196	45	0	102	231	0	0	3	7	24	0	0	0	0
2096	Łuk Kolczastego Liś.+6	1	2	2	262196	45	0	112	241	0	0	3	7	24	0	0	0	0
2097	Łuk Kolczastego Liś.+7	1	2	2	262452	45	0	123	252	0	0	3	7	24	0	0	0	0
2098	Łuk Kolczastego Liś.+8	1	2	2	262452	45	0	135	264	0	0	3	7	24	0	0	0	0
2099	Łuk Kolczastego Liś.+9	1	2	2	262452	45	0	148	277	0	0	3	7	24	0	0	0	0
2100	Łuk z Rogu Byka+0	1	2	2	262196	50	0	128	213	0	0	3	7	24	0	0	0	0
2101	Łuk z Rogu Byka+1	1	2	2	262196	50	0	134	220	0	0	3	7	24	0	0	0	0
2102	Łuk z Rogu Byka+2	1	2	2	262196	50	0	141	226	0	0	3	7	24	0	0	0	0
2103	Łuk z Rogu Byka+3	1	2	2	262196	50	0	147	232	0	0	3	7	24	0	0	0	0
2104	Łuk z Rogu Byka+4	1	2	2	262196	50	0	154	238	0	0	3	7	24	0	0	0	0
2105	Łuk z Rogu Byka+5	1	2	2	262196	50	0	163	245	0	0	3	7	24	0	0	0	0
2106	Łuk z Rogu Byka+6	1	2	2	262196	50	0	173	254	0	0	3	7	24	0	0	0	0
2107	Łuk z Rogu Byka+7	1	2	2	262452	50	0	184	264	0	0	3	7	24	0	0	0	0
2108	Łuk z Rogu Byka+8	1	2	2	262452	50	0	196	275	0	0	3	7	24	0	0	0	0
2109	Łuk z Rogu Byka+9	1	2	2	262452	50	0	209	287	0	0	3	7	24	0	0	0	0
2110	Łuk Jednorożca+0	1	2	2	262196	55	0	147	225	0	0	3	7	22	0	0	0	0
2111	Łuk Jednorożca+1	1	2	2	262196	55	0	153	231	0	0	3	7	22	0	0	0	0
2112	Łuk Jednorożca+2	1	2	2	262196	55	0	160	238	0	0	3	7	22	0	0	0	0
2113	Łuk Jednorożca+3	1	2	2	262196	55	0	166	244	0	0	3	7	22	0	0	0	0
2114	Łuk Jednorożca+4	1	2	2	262196	55	0	172	251	0	0	3	7	22	0	0	0	0
2115	Łuk Jednorożca+5	1	2	2	262196	55	0	181	258	0	0	3	7	22	0	0	0	0
2116	Łuk Jednorożca+6	1	2	2	262196	55	0	190	269	0	0	3	7	22	0	0	0	0
2117	Łuk Jednorożca+7	1	2	2	262452	55	0	201	278	0	0	3	7	22	0	0	0	0
2118	Łuk Jednorożca+8	1	2	2	262452	55	0	212	290	0	0	3	7	22	0	0	0	0
2119	Łuk Jednorożca+9	1	2	2	262452	55	0	225	303	0	0	3	7	22	0	0	0	0
2120	Olbrz. Skrzydl. Łuk+0	1	2	2	262196	60	0	144	269	0	0	3	7	17	0	0	0	0
2121	Olbrz. Skrzydl. Łuk+1	1	2	2	262196	60	0	151	275	0	0	3	7	17	0	0	0	0
2122	Olbrz. Skrzydl. Łuk+2	1	2	2	262196	60	0	157	281	0	0	3	7	17	0	0	0	0
2123	Olbrz. Skrzydl. Łuk+3	1	2	2	262196	60	0	164	288	0	0	3	7	17	0	0	0	0
2124	Olbrz. Skrzydl. Łuk+4	1	2	2	262196	60	0	170	294	0	0	3	7	17	0	0	0	0
2125	Olbrz. Skrzydl. Łuk+5	1	2	2	262196	60	0	179	303	0	0	3	7	17	0	0	0	0
2126	Olbrz. Skrzydl. Łuk+6	1	2	2	262196	60	0	188	312	0	0	3	7	17	0	0	0	0
2127	Olbrz. Skrzydl. Łuk+7	1	2	2	262452	60	0	199	323	0	0	3	7	17	0	0	0	0
2128	Olbrz. Skrzydl. Łuk+8	1	2	2	262452	60	0	211	335	0	0	3	7	17	0	0	0	0
2129	Olbrz. Skrzydl. Łuk+9	1	2	2	262452	60	0	224	348	0	0	3	7	17	0	0	0	0
2130	Boski Łuk Moreli+0	1	2	2	262196	65	0	179	273	0	0	3	7	25	0	0	0	0
2131	Boski Łuk Moreli+1	1	2	2	262196	65	0	184	278	0	0	3	7	25	0	0	0	0
2132	Boski Łuk Moreli+2	1	2	2	262196	65	0	191	285	0	0	3	7	25	0	0	0	0
2133	Boski Łuk Moreli+3	1	2	2	262196	65	0	198	292	0	0	3	7	25	0	0	0	0
2134	Boski Łuk Moreli+4	1	2	2	262196	65	0	207	301	0	0	3	7	25	0	0	0	0
2135	Boski Łuk Moreli+5	1	2	2	262196	65	0	216	310	0	0	3	7	25	0	0	0	0
2136	Boski Łuk Moreli+6	1	2	2	262196	65	0	227	321	0	0	3	7	25	0	0	0	0
2137	Boski Łuk Moreli+7	1	2	2	262452	65	0	238	332	0	0	3	7	25	0	0	0	0
2138	Boski Łuk Moreli+8	1	2	2	262452	65	0	250	344	0	0	3	7	25	0	0	0	0
2139	Boski Łuk Moreli+9	1	2	2	262452	65	0	263	355	0	0	3	7	25	0	0	0	0
2140	Olbrz. Łuk Żółt. Smoka+0	1	2	2	262196	65	0	215	293	0	0	3	7	15	0	0	0	0
2141	Olbrz. Łuk Żółt. Smoka+1	1	2	2	262196	65	0	224	301	0	0	3	7	15	0	0	0	0
2142	Olbrz. Łuk Żółt. Smoka+2	1	2	2	262196	65	0	235	310	0	0	3	7	15	0	0	0	0
2143	Olbrz. Łuk Żółt. Smoka+3	1	2	2	262196	65	0	246	320	0	0	3	7	15	0	0	0	0
2144	Olbrz. Łuk Żółt. Smoka+4	1	2	2	262196	65	0	259	331	0	0	3	7	15	0	0	0	0
2145	Olbrz. Łuk Żółt. Smoka+5	1	2	2	262196	65	0	273	343	0	0	3	7	15	0	0	0	0
2146	Olbrz. Łuk Żółt. Smoka+6	1	2	2	262196	65	0	288	356	0	0	3	7	15	0	0	0	0
2147	Olbrz. Łuk Żółt. Smoka+7	1	2	2	262452	65	0	304	370	0	0	3	7	15	0	0	0	0
2148	Olbrz. Łuk Żółt. Smoka+8	1	2	2	262452	65	0	332	395	0	0	3	7	15	0	0	0	0
2149	Olbrz. Łuk Żółt. Smoka+9	1	2	2	262452	65	0	373	430	0	0	3	7	15	0	0	0	0
2150	Łuk Z Rogu Jelenia+0	1	2	2	262196	30	0	85	178	0	0	2	7	15	0	0	0	0
2151	Łuk Z Rogu Jelenia+1	1	2	2	262196	30	0	92	185	0	0	2	7	15	0	0	0	0
2152	Łuk Z Rogu Jelenia+2	1	2	2	262196	30	0	98	191	0	0	2	7	15	0	0	0	0
2153	Łuk Z Rogu Jelenia+3	1	2	2	262196	30	0	105	198	0	0	2	7	15	0	0	0	0
2154	Łuk Z Rogu Jelenia+4	1	2	2	262196	30	0	111	204	0	0	2	7	15	0	0	0	0
2155	Łuk Z Rogu Jelenia+5	1	2	2	262196	30	0	120	213	0	0	2	7	15	0	0	0	0
2156	Łuk Z Rogu Jelenia+6	1	2	2	262196	30	0	130	223	0	0	2	7	15	0	0	0	0
2157	Łuk Z Rogu Jelenia+7	1	2	2	262452	30	0	140	233	0	0	2	7	15	0	0	0	0
2158	Łuk Z Rogu Jelenia+8	1	2	2	262452	30	0	151	244	0	0	2	7	15	0	0	0	0
2159	Łuk Z Rogu Jelenia+9	1	2	2	262452	30	0	164	257	0	0	2	7	15	0	0	0	0
2170	Stalowy Łuk Kruka+0	1	2	2	262196	75	0	200	305	0	0	3	7	12	0	0	0	0
2171	Stalowy Łuk Kruka+1	1	2	2	262196	75	0	206	311	0	0	3	7	13	0	0	0	0
2172	Stalowy Łuk Kruka+2	1	2	2	262196	75	0	213	318	0	0	3	7	14	0	0	0	0
2173	Stalowy Łuk Kruka+3	1	2	2	262196	75	0	222	327	0	0	3	7	16	0	0	0	0
2174	Stalowy Łuk Kruka+4	1	2	2	262196	75	0	231	336	0	0	3	7	17	0	0	0	0
2175	Stalowy Łuk Kruka+5	1	2	2	262196	75	0	242	347	0	0	3	7	18	0	0	0	0
2176	Stalowy Łuk Kruka+6	1	2	2	262196	75	0	253	358	0	0	3	7	19	0	0	0	0
2177	Stalowy Łuk Kruka+7	1	2	2	262452	75	0	266	371	0	0	3	7	20	0	0	0	0
2178	Stalowy Łuk Kruka+8	1	2	2	262452	75	0	279	384	0	0	3	7	21	0	0	0	0
2179	Stalowy Łuk Kruka+9	1	2	2	262452	75	0	294	399	0	0	3	7	22	0	0	0	0
2180	Łuk Niebieskiego Smoka+0	1	2	2	262196	70	0	194	264	0	0	3	7	15	17	1	0	0
2181	Łuk Niebieskiego Smoka+1	1	2	2	262196	70	0	202	271	0	0	3	7	15	17	2	0	0
2182	Łuk Niebieskiego Smoka+2	1	2	2	262196	70	0	212	279	0	0	3	7	15	17	3	0	0
2183	Łuk Niebieskiego Smoka+3	1	2	2	262196	70	0	221	288	0	0	3	7	15	17	4	0	0
2184	Łuk Niebieskiego Smoka+4	1	2	2	262196	70	0	233	298	0	0	3	7	15	17	5	0	0
2185	Łuk Niebieskiego Smoka+5	1	2	2	262196	70	0	246	309	0	0	3	7	15	17	6	0	0
2186	Łuk Niebieskiego Smoka+6	1	2	2	262196	70	0	259	320	0	0	3	7	15	17	7	0	0
2187	Łuk Niebieskiego Smoka+7	1	2	2	262452	70	0	274	333	0	0	3	7	15	17	9	0	0
2188	Łuk Niebieskiego Smoka+8	1	2	2	262452	70	0	299	356	0	0	3	7	15	17	11	0	0
2189	Łuk Niebieskiego Smoka+9	1	2	2	262452	70	0	336	387	0	0	3	7	15	17	15	0	0
3000	Glewia+0	1	3	3	262200	0	0	19	26	0	0	1	7	15	0	0	0	0
3001	Glewia+1	1	3	3	262200	0	0	27	34	0	0	1	7	15	0	0	0	0
3002	Glewia+2	1	3	3	262200	0	0	35	42	0	0	1	7	15	0	0	0	0
3003	Glewia+3	1	3	3	262200	0	0	43	50	0	0	1	7	15	0	0	0	0
3004	Glewia+4	1	3	3	262200	0	0	51	58	0	0	1	7	15	0	0	0	0
3005	Glewia+5	1	3	3	262200	0	0	59	66	0	0	1	7	15	0	0	0	0
3006	Glewia+6	1	3	3	262200	0	0	67	74	0	0	1	7	15	0	0	0	0
3007	Glewia+7	1	3	3	262456	0	0	75	82	0	0	1	7	15	0	0	0	0
3008	Glewia+8	1	3	3	262456	0	0	83	90	0	0	1	7	15	0	0	0	0
3009	Glewia+9	1	3	3	262456	0	0	91	98	0	0	1	7	15	0	0	0	0
3010	Włócznia+0	1	3	3	262200	5	0	23	33	0	0	1	7	15	0	0	0	0
3011	Włócznia+1	1	3	3	262200	5	0	31	41	0	0	1	7	15	0	0	0	0
3012	Włócznia+2	1	3	3	262200	5	0	39	49	0	0	1	7	15	0	0	0	0
3013	Włócznia+3	1	3	3	262200	5	0	47	57	0	0	1	7	15	0	0	0	0
3014	Włócznia+4	1	3	3	262200	5	0	55	65	0	0	1	7	15	0	0	0	0
3015	Włócznia+5	1	3	3	262200	5	0	63	73	0	0	1	7	15	0	0	0	0
3016	Włócznia+6	1	3	3	262200	5	0	71	81	0	0	1	7	15	0	0	0	0
3017	Włócznia+7	1	3	3	262456	5	0	79	89	0	0	1	7	15	0	0	0	0
3018	Włócznia+8	1	3	3	262456	5	0	87	97	0	0	1	7	15	0	0	0	0
3019	Włócznia+9	1	3	3	262456	5	0	95	105	0	0	1	7	15	0	0	0	0
3020	Gilotynowe Ostrze+0	1	3	3	262200	10	0	28	42	0	0	1	7	15	0	0	0	0
3021	Gilotynowe Ostrze+1	1	3	3	262200	10	0	36	50	0	0	1	7	15	0	0	0	0
3022	Gilotynowe Ostrze+2	1	3	3	262200	10	0	44	58	0	0	1	7	15	0	0	0	0
3023	Gilotynowe Ostrze+3	1	3	3	262200	10	0	52	66	0	0	1	7	15	0	0	0	0
3024	Gilotynowe Ostrze+4	1	3	3	262200	10	0	60	74	0	0	1	7	15	0	0	0	0
3025	Gilotynowe Ostrze+5	1	3	3	262200	10	0	68	82	0	0	1	7	15	0	0	0	0
3026	Gilotynowe Ostrze+6	1	3	3	262200	10	0	76	90	0	0	1	7	15	0	0	0	0
3027	Gilotynowe Ostrze+7	1	3	3	262456	10	0	84	98	0	0	1	7	15	0	0	0	0
3028	Gilotynowe Ostrze+8	1	3	3	262456	10	0	92	106	0	0	1	7	15	0	0	0	0
3029	Gilotynowe Ostrze+9	1	3	3	262456	10	0	100	114	0	0	1	7	15	0	0	0	0
3030	Pajęcza Włócznia+0	1	3	3	262200	15	0	34	52	0	0	1	7	15	0	0	0	0
3031	Pajęcza Włócznia+1	1	3	3	262200	15	0	42	60	0	0	1	7	15	0	0	0	0
3032	Pajęcza Włócznia+2	1	3	3	262200	15	0	50	68	0	0	1	7	15	0	0	0	0
3033	Pajęcza Włócznia+3	1	3	3	262200	15	0	58	76	0	0	1	7	15	0	0	0	0
3034	Pajęcza Włócznia+4	1	3	3	262200	15	0	66	84	0	0	1	7	15	0	0	0	0
3035	Pajęcza Włócznia+5	1	3	3	262200	15	0	74	92	0	0	1	7	15	0	0	0	0
3036	Pajęcza Włócznia+6	1	3	3	262200	15	0	82	100	0	0	1	7	15	0	0	0	0
3037	Pajęcza Włócznia+7	1	3	3	262456	15	0	90	108	0	0	1	7	15	0	0	0	0
3038	Pajęcza Włócznia+8	1	3	3	262456	15	0	98	116	0	0	1	7	15	0	0	0	0
3039	Pajęcza Włócznia+9	1	3	3	262456	15	0	106	124	0	0	1	7	15	0	0	0	0
3040	Gizarma+0	1	3	3	262200	20	0	44	62	0	0	1	7	15	0	0	0	0
3041	Gizarma+1	1	3	3	262200	20	0	52	70	0	0	1	7	15	0	0	0	0
3042	Gizarma+2	1	3	3	262200	20	0	60	78	0	0	1	7	15	0	0	0	0
3043	Gizarma+3	1	3	3	262200	20	0	68	86	0	0	1	7	15	0	0	0	0
3044	Gizarma+4	1	3	3	262200	20	0	76	94	0	0	1	7	15	0	0	0	0
3045	Gizarma+5	1	3	3	262200	20	0	84	102	0	0	1	7	15	0	0	0	0
3046	Gizarma+6	1	3	3	262200	20	0	92	110	0	0	1	7	15	0	0	0	0
3047	Gizarma+7	1	3	3	262456	20	0	100	118	0	0	1	7	15	0	0	0	0
3048	Gizarma+8	1	3	3	262456	20	0	108	126	0	0	1	7	15	0	0	0	0
3049	Gizarma+9	1	3	3	262456	20	0	116	134	0	0	1	7	15	0	0	0	0
3050	Kosa Bojowa+0	1	3	3	262200	25	0	63	97	0	0	2	7	20	0	0	0	0
3051	Kosa Bojowa+1	1	3	3	262200	25	0	69	103	0	0	2	7	20	0	0	0	0
3052	Kosa Bojowa+2	1	3	3	262200	25	0	75	109	0	0	2	7	20	0	0	0	0
3053	Kosa Bojowa+3	1	3	3	262200	25	0	81	115	0	0	2	7	20	0	0	0	0
3054	Kosa Bojowa+4	1	3	3	262200	25	0	87	121	0	0	2	7	20	0	0	0	0
3055	Kosa Bojowa+5	1	3	3	262200	25	0	95	129	0	0	2	7	20	0	0	0	0
3056	Kosa Bojowa+6	1	3	3	262200	25	0	104	138	0	0	2	7	20	0	0	0	0
3057	Kosa Bojowa+7	1	3	3	262456	25	0	114	148	0	0	2	7	20	0	0	0	0
3058	Kosa Bojowa+8	1	3	3	262456	25	0	125	159	0	0	2	7	20	0	0	0	0
3059	Kosa Bojowa+9	1	3	3	262456	25	0	137	171	0	0	2	7	20	0	0	0	0
3060	Trójząb+0	1	3	3	262200	32	0	68	108	0	0	2	7	20	0	0	0	0
3061	Trójząb+1	1	3	3	262200	32	0	74	114	0	0	2	7	20	0	0	0	0
3062	Trójząb+2	1	3	3	262200	32	0	80	120	0	0	2	7	20	0	0	0	0
3063	Trójząb+3	1	3	3	262200	32	0	86	126	0	0	2	7	20	0	0	0	0
3064	Trójząb+4	1	3	3	262200	32	0	92	132	0	0	2	7	20	0	0	0	0
3065	Trójząb+5	1	3	3	262200	32	0	100	140	0	0	2	7	20	0	0	0	0
3066	Trójząb+6	1	3	3	262200	32	0	109	149	0	0	2	7	20	0	0	0	0
3067	Trójząb+7	1	3	3	262456	32	0	119	159	0	0	2	7	20	0	0	0	0
3068	Trójząb+8	1	3	3	262456	32	0	130	170	0	0	2	7	20	0	0	0	0
3069	Trójząb+9	1	3	3	262456	32	0	142	182	0	0	2	7	20	0	0	0	0
3070	Halabarda+0	1	3	3	262200	36	0	77	116	0	0	2	7	20	0	0	0	0
3071	Halabarda+1	1	3	3	262200	36	0	83	122	0	0	2	7	20	0	0	0	0
3072	Halabarda+2	1	3	3	262200	36	0	89	128	0	0	2	7	20	0	0	0	0
3073	Halabarda+3	1	3	3	262200	36	0	95	134	0	0	2	7	20	0	0	0	0
3074	Halabarda+4	1	3	3	262200	36	0	101	140	0	0	2	7	20	0	0	0	0
3075	Halabarda+5	1	3	3	262200	36	0	109	148	0	0	2	7	20	0	0	0	0
3076	Halabarda+6	1	3	3	262200	36	0	118	157	0	0	2	7	20	0	0	0	0
3077	Halabarda+7	1	3	3	262456	36	0	128	167	0	0	2	7	20	0	0	0	0
3078	Halabarda+8	1	3	3	262456	36	0	139	178	0	0	2	7	20	0	0	0	0
3079	Halabarda+9	1	3	3	262456	36	0	151	190	0	0	2	7	20	0	0	0	0
3080	Olbrz. Topór+0	1	3	3	262200	40	0	86	124	0	0	2	7	20	0	0	0	0
3081	Olbrz. Topór+1	1	3	3	262200	40	0	92	130	0	0	2	7	20	0	0	0	0
3082	Olbrz. Topór+2	1	3	3	262200	40	0	98	136	0	0	2	7	20	0	0	0	0
3083	Olbrz. Topór+3	1	3	3	262200	40	0	104	142	0	0	2	7	20	0	0	0	0
3084	Olbrz. Topór+4	1	3	3	262200	40	0	110	148	0	0	2	7	20	0	0	0	0
3085	Olbrz. Topór+5	1	3	3	262200	40	0	118	156	0	0	2	7	20	0	0	0	0
3086	Olbrz. Topór+6	1	3	3	262200	40	0	127	165	0	0	2	7	20	0	0	0	0
3087	Olbrz. Topór+7	1	3	3	262456	40	0	137	175	0	0	2	7	20	0	0	0	0
3088	Olbrz. Topór+8	1	3	3	262456	40	0	148	186	0	0	2	7	20	0	0	0	0
3089	Olbrz. Topór+9	1	3	3	262456	40	0	160	198	0	0	2	7	20	0	0	0	0
3090	Lodowa Iglica+0	1	3	3	262200	45	0	93	129	0	0	3	7	25	0	0	0	0
3091	Lodowa Iglica+1	1	3	3	262200	45	0	99	135	0	0	3	7	25	0	0	0	0
3092	Lodowa Iglica+2	1	3	3	262200	45	0	105	141	0	0	3	7	25	0	0	0	0
3093	Lodowa Iglica+3	1	3	3	262200	45	0	111	147	0	0	3	7	25	0	0	0	0
3094	Lodowa Iglica+4	1	3	3	262200	45	0	117	153	0	0	3	7	25	0	0	0	0
3095	Lodowa Iglica+5	1	3	3	262200	45	0	125	161	0	0	3	7	25	0	0	0	0
3096	Lodowa Iglica+6	1	3	3	262200	45	0	134	170	0	0	3	7	25	0	0	0	0
3097	Lodowa Iglica+7	1	3	3	262456	45	0	144	180	0	0	3	7	25	0	0	0	0
3098	Lodowa Iglica+8	1	3	3	262456	45	0	155	191	0	0	3	7	25	0	0	0	0
3099	Lodowa Iglica+9	1	3	3	262456	45	0	167	203	0	0	3	7	25	0	0	0	0
3100	Miecz Dwunastu Duchów+0	1	3	3	262200	50	0	102	144	0	0	3	7	22	0	0	0	0
3101	Miecz Dwunastu Duchów+1	1	3	3	262200	50	0	108	150	0	0	3	7	22	0	0	0	0
3102	Miecz Dwunastu Duchów+2	1	3	3	262200	50	0	114	156	0	0	3	7	22	0	0	0	0
3103	Miecz Dwunastu Duchów+3	1	3	3	262200	50	0	120	162	0	0	3	7	22	0	0	0	0
3104	Miecz Dwunastu Duchów+4	1	3	3	262200	50	0	126	168	0	0	3	7	22	0	0	0	0
3105	Miecz Dwunastu Duchów+5	1	3	3	262200	50	0	134	176	0	0	3	7	22	0	0	0	0
3106	Miecz Dwunastu Duchów+6	1	3	3	262200	50	0	143	185	0	0	3	7	22	0	0	0	0
3107	Miecz Dwunastu Duchów+7	1	3	3	262456	50	0	153	195	0	0	3	7	22	0	0	0	0
3108	Miecz Dwunastu Duchów+8	1	3	3	262456	50	0	164	206	0	0	3	7	22	0	0	0	0
3109	Miecz Dwunastu Duchów+9	1	3	3	262456	50	0	176	218	0	0	3	7	22	0	0	0	0
3110	Ostrze Zbawienia+0	1	3	3	262200	55	0	115	165	0	0	3	7	20	0	0	0	0
3111	Ostrze Zbawienia+1	1	3	3	262200	55	0	123	173	0	0	3	7	20	0	0	0	0
3112	Ostrze Zbawienia+2	1	3	3	262200	55	0	132	182	0	0	3	7	20	0	0	0	0
3113	Ostrze Zbawienia+3	1	3	3	262200	55	0	142	192	0	0	3	7	20	0	0	0	0
3114	Ostrze Zbawienia+4	1	3	3	262200	55	0	149	199	0	0	3	7	20	0	0	0	0
3115	Ostrze Zbawienia+5	1	3	3	262200	55	0	157	207	0	0	3	7	20	0	0	0	0
3116	Ostrze Zbawienia+6	1	3	3	262200	55	0	166	216	0	0	3	7	20	0	0	0	0
3117	Ostrze Zbawienia+7	1	3	3	262456	55	0	176	226	0	0	3	7	20	0	0	0	0
3118	Ostrze Zbawienia+8	1	3	3	262456	55	0	187	237	0	0	3	7	20	0	0	0	0
3119	Ostrze Zbawienia+9	1	3	3	262456	55	0	200	250	0	0	3	7	20	0	0	0	0
3120	Zabójca Lwów+0	1	3	3	262200	60	0	132	186	0	0	3	7	17	0	0	0	0
3121	Zabójca Lwów+1	1	3	3	262200	60	0	140	194	0	0	3	7	17	0	0	0	0
3122	Zabójca Lwów+2	1	3	3	262200	60	0	149	203	0	0	3	7	17	0	0	0	0
3123	Zabójca Lwów+3	1	3	3	262200	60	0	159	213	0	0	3	7	17	0	0	0	0
3124	Zabójca Lwów+4	1	3	3	262200	60	0	166	220	0	0	3	7	17	0	0	0	0
3125	Zabójca Lwów+5	1	3	3	262200	60	0	174	228	0	0	3	7	17	0	0	0	0
3126	Zabójca Lwów+6	1	3	3	262200	60	0	183	237	0	0	3	7	17	0	0	0	0
3127	Zabójca Lwów+7	1	3	3	262456	60	0	193	247	0	0	3	7	17	0	0	0	0
3128	Zabójca Lwów+8	1	3	3	262456	60	0	204	258	0	0	3	7	17	0	0	0	0
3129	Zabójca Lwów+9	1	3	3	262456	60	0	217	271	0	0	3	7	17	0	0	0	0
3130	Partyzana+0	1	3	3	262200	65	0	136	184	0	0	3	7	15	0	0	0	0
3131	Partyzana+1	1	3	3	262200	65	0	144	192	0	0	3	7	15	0	0	0	0
3132	Partyzana+2	1	3	3	262200	65	0	153	201	0	0	3	7	15	0	0	0	0
3133	Partyzana+3	1	3	3	262200	65	0	163	211	0	0	3	7	15	0	0	0	0
3134	Partyzana+4	1	3	3	262200	65	0	174	222	0	0	3	7	15	0	0	0	0
3135	Partyzana+5	1	3	3	262200	65	0	186	234	0	0	3	7	15	0	0	0	0
3136	Partyzana+6	1	3	3	262200	65	0	199	247	0	0	3	7	15	0	0	0	0
3137	Partyzana+7	1	3	3	262456	65	0	213	261	0	0	3	7	15	0	0	0	0
3138	Partyzana+8	1	3	3	262456	65	0	238	286	0	0	3	7	15	0	0	0	0
3139	Partyzana+9	1	3	3	262456	65	0	273	321	0	0	3	7	15	0	0	0	0
3140	Magnetyczne Ostrze+0	1	3	3	262200	65	0	126	194	0	0	3	7	25	0	0	0	0
3141	Magnetyczne Ostrze+1	1	3	3	262200	65	0	132	200	0	0	3	7	25	0	0	0	0
3142	Magnetyczne Ostrze+2	1	3	3	262200	65	0	139	207	0	0	3	7	25	0	0	0	0
3143	Magnetyczne Ostrze+3	1	3	3	262200	65	0	147	215	0	0	3	7	25	0	0	0	0
3144	Magnetyczne Ostrze+4	1	3	3	262200	65	0	156	224	0	0	3	7	25	0	0	0	0
3145	Magnetyczne Ostrze+5	1	3	3	262200	65	0	166	234	0	0	3	7	25	0	0	0	0
3146	Magnetyczne Ostrze+6	1	3	3	262200	65	0	177	245	0	0	3	7	25	0	0	0	0
3147	Magnetyczne Ostrze+7	1	3	3	262456	65	0	189	257	0	0	3	7	25	0	0	0	0
3148	Magnetyczne Ostrze+8	1	3	3	262456	65	0	202	270	0	0	3	7	25	0	0	0	0
3149	Magnetyczne Ostrze+9	1	3	3	262456	65	0	216	284	0	0	3	7	25	0	0	0	0
3150	Złodziej Dusz+0	1	3	3	262200	70	0	122	166	0	0	3	7	15	17	1	0	0
3151	Złodziej Dusz+1	1	3	3	262200	70	0	131	174	0	0	3	7	15	17	2	0	0
3152	Złodziej Dusz+2	1	3	3	262200	70	0	140	183	0	0	3	7	15	17	3	0	0
3153	Złodziej Dusz+3	1	3	3	262200	70	0	150	193	0	0	3	7	15	17	4	0	0
3154	Złodziej Dusz+4	1	3	3	262200	70	0	161	204	0	0	3	7	15	17	5	0	0
3155	Złodziej Dusz+5	1	3	3	262200	70	0	173	216	0	0	3	7	15	17	6	0	0
3156	Złodziej Dusz+6	1	3	3	262200	70	0	186	229	0	0	3	7	15	17	7	0	0
3157	Złodziej Dusz+7	1	3	3	262456	70	0	201	244	0	0	3	7	15	17	9	0	0
3158	Złodziej Dusz+8	1	3	3	262456	70	0	225	268	0	0	3	7	15	17	11	0	0
3159	Złodziej Dusz+9	1	3	3	262456	70	0	259	302	0	0	3	7	15	17	15	0	0
3160	Miecz Żalu+0	1	3	3	262200	75	0	136	184	0	0	3	7	16	0	0	0	0
3161	Miecz Żalu+1	1	3	3	262200	75	0	142	190	0	0	3	7	17	0	0	0	0
3162	Miecz Żalu+2	1	3	3	262200	75	0	149	197	0	0	3	7	18	0	0	0	0
3163	Miecz Żalu+3	1	3	3	262200	75	0	157	205	0	0	3	7	19	0	0	0	0
3164	Miecz Żalu+4	1	3	3	262200	75	0	166	214	0	0	3	7	20	0	0	0	0
3165	Miecz Żalu+5	1	3	3	262200	75	0	176	224	0	0	3	7	21	0	0	0	0
3166	Miecz Żalu+6	1	3	3	262200	75	0	187	235	0	0	3	7	22	0	0	0	0
3167	Miecz Żalu+7	1	3	3	262456	75	0	199	247	0	0	3	7	23	0	0	0	0
3168	Miecz Żalu+8	1	3	3	262456	75	0	212	260	0	0	3	7	24	0	0	0	0
3169	Miecz Żalu+9	1	3	3	262456	75	0	226	274	0	0	3	7	25	0	0	0	0
3210	Ostrze Z Czerw. Stali+0	1	3	3	262200	30	0	72	109	0	0	2	7	15	0	0	0	0
3211	Ostrze Z Czerw. Stali+1	1	3	3	262200	30	0	78	115	0	0	2	7	15	0	0	0	0
3212	Ostrze Z Czerw. Stali+2	1	3	3	262200	30	0	83	120	0	0	2	7	15	0	0	0	0
3213	Ostrze Z Czerw. Stali+3	1	3	3	262200	30	0	89	126	0	0	2	7	15	0	0	0	0
3214	Ostrze Z Czerw. Stali+4	1	3	3	262200	30	0	94	131	0	0	2	7	15	0	0	0	0
3215	Ostrze Z Czerw. Stali+5	1	3	3	262200	30	0	102	139	0	0	2	7	15	0	0	0	0
3216	Ostrze Z Czerw. Stali+6	1	3	3	262200	30	0	110	147	0	0	2	7	15	0	0	0	0
3217	Ostrze Z Czerw. Stali+7	1	3	3	262456	30	0	120	157	0	0	2	7	15	0	0	0	0
3218	Ostrze Z Czerw. Stali+8	1	3	3	262456	30	0	130	167	0	0	2	7	15	0	0	0	0
3219	Ostrze Z Czerw. Stali+9	1	3	3	262456	30	0	142	179	0	0	2	7	15	0	0	0	0
4000	Amija+0	1	1	1	262196	5	0	16	20	0	0	1	7	20	0	0	0	0
4001	Amija+1	1	1	1	262196	5	0	20	24	0	0	1	7	20	0	0	0	0
4002	Amija+2	1	1	1	262196	5	0	24	28	0	0	1	7	20	0	0	0	0
4003	Amija+3	1	1	1	262196	5	0	28	32	0	0	1	7	20	0	0	0	0
4004	Amija+4	1	1	1	262196	5	0	32	36	0	0	1	7	20	0	0	0	0
4005	Amija+5	1	1	1	262196	5	0	36	40	0	0	1	7	20	0	0	0	0
4006	Amija+6	1	1	1	262196	5	0	40	44	0	0	1	7	20	0	0	0	0
4007	Amija+7	1	1	1	262452	5	0	44	48	0	0	1	7	20	0	0	0	0
4008	Amija+8	1	1	1	262452	5	0	48	52	0	0	1	7	20	0	0	0	0
4009	Amija+9	1	1	1	262452	5	0	52	56	0	0	1	7	20	0	0	0	0
4010	Dziewięć Ostrzy+0	1	1	1	262196	15	0	26	30	0	0	1	7	20	0	0	0	0
4011	Dziewięć Ostrzy+1	1	1	1	262196	15	0	30	34	0	0	1	7	20	0	0	0	0
4012	Dziewięć Ostrzy+2	1	1	1	262196	15	0	34	38	0	0	1	7	20	0	0	0	0
4013	Dziewięć Ostrzy+3	1	1	1	262196	15	0	38	42	0	0	1	7	20	0	0	0	0
4014	Dziewięć Ostrzy+4	1	1	1	262196	15	0	42	46	0	0	1	7	20	0	0	0	0
4015	Dziewięć Ostrzy+5	1	1	1	262196	15	0	46	50	0	0	1	7	20	0	0	0	0
4016	Dziewięć Ostrzy+6	1	1	1	262196	15	0	50	54	0	0	1	7	20	0	0	0	0
4017	Dziewięć Ostrzy+7	1	1	1	262452	15	0	54	58	0	0	1	7	20	0	0	0	0
4018	Dziewięć Ostrzy+8	1	1	1	262452	15	0	58	62	0	0	1	7	20	0	0	0	0
4019	Dziewięć Ostrzy+9	1	1	1	262452	15	0	62	66	0	0	1	7	20	0	0	0	0
4020	Krótki Nóż+0	1	1	1	262196	25	0	36	40	0	0	2	7	20	0	0	0	0
4021	Krótki Nóż+1	1	1	1	262196	25	0	39	43	0	0	2	7	20	0	0	0	0
4022	Krótki Nóż+2	1	1	1	262196	25	0	42	46	0	0	2	7	20	0	0	0	0
4023	Krótki Nóż+3	1	1	1	262196	25	0	45	49	0	0	2	7	20	0	0	0	0
4024	Krótki Nóż+4	1	1	1	262196	25	0	48	52	0	0	2	7	20	0	0	0	0
4025	Krótki Nóż+5	1	1	1	262196	25	0	53	57	0	0	2	7	20	0	0	0	0
4026	Krótki Nóż+6	1	1	1	262196	25	0	59	63	0	0	2	7	20	0	0	0	0
4027	Krótki Nóż+7	1	1	1	262452	25	0	66	70	0	0	2	7	20	0	0	0	0
4028	Krótki Nóż+8	1	1	1	262452	25	0	74	78	0	0	2	7	20	0	0	0	0
4029	Krótki Nóż+9	1	1	1	262452	25	0	83	87	0	0	2	7	20	0	0	0	0
5000	Miedziany Dzwon+0	1	4	1	262172	5	0	12	22	10	13	1	7	20	0	0	0	0
5001	Miedziany Dzwon+1	1	4	1	262172	5	0	19	29	17	20	1	7	20	0	0	0	0
5002	Miedziany Dzwon+2	1	4	1	262172	5	0	26	36	24	27	1	7	20	0	0	0	0
5003	Miedziany Dzwon+3	1	4	1	262172	5	0	33	43	31	34	1	7	20	0	0	0	0
5004	Miedziany Dzwon+4	1	4	1	262172	5	0	40	50	38	41	1	7	20	0	0	0	0
5005	Miedziany Dzwon+5	1	4	1	262172	5	0	47	57	45	48	1	7	20	0	0	0	0
5006	Miedziany Dzwon+6	1	4	1	262172	5	0	54	64	52	55	1	7	20	0	0	0	0
5007	Miedziany Dzwon+7	1	4	1	262428	5	0	61	71	59	62	1	7	20	0	0	0	0
5008	Miedziany Dzwon+8	1	4	1	262428	5	0	68	78	66	69	1	7	20	0	0	0	0
5009	Miedziany Dzwon+9	1	4	1	262428	5	0	75	85	73	76	1	7	20	0	0	0	0
5010	Srebrny Dzwon+0	1	4	1	262172	15	0	27	32	14	17	1	7	20	0	0	0	0
5011	Srebrny Dzwon+1	1	4	1	262172	15	0	34	39	21	24	1	7	20	0	0	0	0
5012	Srebrny Dzwon+2	1	4	1	262172	15	0	41	46	28	31	1	7	20	0	0	0	0
5013	Srebrny Dzwon+3	1	4	1	262172	15	0	48	53	35	38	1	7	20	0	0	0	0
5014	Srebrny Dzwon+4	1	4	1	262172	15	0	55	60	42	45	1	7	20	0	0	0	0
5015	Srebrny Dzwon+5	1	4	1	262172	15	0	62	67	49	52	1	7	20	0	0	0	0
5016	Srebrny Dzwon+6	1	4	1	262172	15	0	69	74	56	59	1	7	20	0	0	0	0
5017	Srebrny Dzwon+7	1	4	1	262428	15	0	76	81	63	66	1	7	20	0	0	0	0
5018	Srebrny Dzwon+8	1	4	1	262428	15	0	83	88	70	73	1	7	20	0	0	0	0
5019	Srebrny Dzwon+9	1	4	1	262428	15	0	90	95	77	80	1	7	20	0	0	0	0
5020	Złoty Dzwon+0	1	4	1	262172	20	0	33	38	18	22	1	7	20	0	0	0	0
5021	Złoty Dzwon+1	1	4	1	262172	20	0	40	45	25	29	1	7	20	0	0	0	0
5022	Złoty Dzwon+2	1	4	1	262172	20	0	47	52	32	36	1	7	20	0	0	0	0
5023	Złoty Dzwon+3	1	4	1	262172	20	0	54	59	39	43	1	7	20	0	0	0	0
5024	Złoty Dzwon+4	1	4	1	262172	20	0	61	66	46	50	1	7	20	0	0	0	0
5025	Złoty Dzwon+5	1	4	1	262172	20	0	68	73	53	57	1	7	20	0	0	0	0
5026	Złoty Dzwon+6	1	4	1	262172	20	0	75	80	60	64	1	7	20	0	0	0	0
5027	Złoty Dzwon+7	1	4	1	262428	20	0	82	87	67	71	1	7	20	0	0	0	0
5028	Złoty Dzwon+8	1	4	1	262428	20	0	89	94	74	78	1	7	20	0	0	0	0
5029	Złoty Dzwon+9	1	4	1	262428	20	0	96	101	81	85	1	7	20	0	0	0	0
5030	Jadeitowy Dzwon+0	1	4	1	262172	32	0	35	43	20	29	2	7	20	0	0	0	0
5031	Jadeitowy Dzwon+1	1	4	1	262172	32	0	41	49	26	35	2	7	20	0	0	0	0
5032	Jadeitowy Dzwon+2	1	4	1	262172	32	0	47	55	32	41	2	7	20	0	0	0	0
5033	Jadeitowy Dzwon+3	1	4	1	262172	32	0	53	61	38	47	2	7	20	0	0	0	0
5034	Jadeitowy Dzwon+4	1	4	1	262172	32	0	59	67	44	53	2	7	20	0	0	0	0
5035	Jadeitowy Dzwon+5	1	4	1	262172	32	0	67	75	52	61	2	7	20	0	0	0	0
5036	Jadeitowy Dzwon+6	1	4	1	262172	32	0	76	84	61	70	2	7	20	0	0	0	0
5037	Jadeitowy Dzwon+7	1	4	1	262428	32	0	86	94	71	80	2	7	20	0	0	0	0
5038	Jadeitowy Dzwon+8	1	4	1	262428	32	0	97	105	82	91	2	7	20	0	0	0	0
5039	Jadeitowy Dzwon+9	1	4	1	262428	32	0	109	117	94	103	2	7	20	0	0	0	0
5040	Dzwon Fontanny+0	1	4	1	262172	36	0	45	54	30	40	2	7	20	0	0	0	0
5041	Dzwon Fontanny+1	1	4	1	262172	36	0	51	60	36	46	2	7	20	0	0	0	0
5042	Dzwon Fontanny+2	1	4	1	262172	36	0	57	66	42	52	2	7	20	0	0	0	0
5043	Dzwon Fontanny+3	1	4	1	262172	36	0	63	72	48	58	2	7	20	0	0	0	0
5044	Dzwon Fontanny+4	1	4	1	262172	36	0	69	78	54	64	2	7	20	0	0	0	0
5045	Dzwon Fontanny+5	1	4	1	262172	36	0	77	86	62	72	2	7	20	0	0	0	0
5046	Dzwon Fontanny+6	1	4	1	262172	36	0	86	95	71	81	2	7	20	0	0	0	0
5047	Dzwon Fontanny+7	1	4	1	262428	36	0	96	105	81	91	2	7	20	0	0	0	0
5048	Dzwon Fontanny+8	1	4	1	262428	36	0	107	116	92	102	2	7	20	0	0	0	0
5049	Dzwon Fontanny+9	1	4	1	262428	36	0	119	128	104	114	2	7	20	0	0	0	0
5050	Morelowy Dzwon+0	1	4	1	262172	40	0	57	80	41	49	2	7	20	0	0	0	0
5051	Morelowy Dzwon+1	1	4	1	262172	40	0	63	86	47	55	2	7	20	0	0	0	0
5052	Morelowy Dzwon+2	1	4	1	262172	40	0	69	92	53	61	2	7	20	0	0	0	0
5053	Morelowy Dzwon+3	1	4	1	262172	40	0	75	98	59	67	2	7	20	0	0	0	0
5054	Morelowy Dzwon+4	1	4	1	262172	40	0	81	104	65	73	2	7	20	0	0	0	0
5055	Morelowy Dzwon+5	1	4	1	262172	40	0	89	112	73	81	2	7	20	0	0	0	0
5056	Morelowy Dzwon+6	1	4	1	262172	40	0	98	121	82	90	2	7	20	0	0	0	0
5057	Morelowy Dzwon+7	1	4	1	262428	40	0	108	131	92	100	2	7	20	0	0	0	0
5058	Morelowy Dzwon+8	1	4	1	262428	40	0	119	142	103	111	2	7	20	0	0	0	0
5059	Morelowy Dzwon+9	1	4	1	262428	40	0	131	154	115	123	2	7	20	0	0	0	0
5060	Magiczny Dzwon+0	1	4	1	262172	50	0	69	91	43	57	3	7	22	0	0	0	0
5061	Magiczny Dzwon+1	1	4	1	262172	50	0	75	97	49	63	3	7	22	0	0	0	0
5062	Magiczny Dzwon+2	1	4	1	262172	50	0	81	103	55	69	3	7	22	0	0	0	0
5063	Magiczny Dzwon+3	1	4	1	262172	50	0	87	109	61	75	3	7	22	0	0	0	0
5064	Magiczny Dzwon+4	1	4	1	262172	50	0	93	115	67	81	3	7	22	0	0	0	0
5065	Magiczny Dzwon+5	1	4	1	262172	50	0	101	123	75	89	3	7	22	0	0	0	0
5066	Magiczny Dzwon+6	1	4	1	262172	50	0	110	132	84	98	3	7	22	0	0	0	0
5067	Magiczny Dzwon+7	1	4	1	262428	50	0	120	142	94	108	3	7	22	0	0	0	0
5068	Magiczny Dzwon+8	1	4	1	262428	50	0	131	153	105	119	3	7	22	0	0	0	0
5069	Magiczny Dzwon+9	1	4	1	262428	50	0	143	165	117	131	3	7	22	0	0	0	0
5070	Złoty Robaczy Dzwon+0	1	4	1	262172	55	0	80	104	47	67	3	7	20	0	0	0	0
5071	Złoty Robaczy Dzwon+1	1	4	1	262172	55	0	86	110	53	73	3	7	20	0	0	0	0
5072	Złoty Robaczy Dzwon+2	1	4	1	262172	55	0	92	116	59	79	3	7	20	0	0	0	0
5073	Złoty Robaczy Dzwon+3	1	4	1	262172	55	0	98	122	65	85	3	7	20	0	0	0	0
5074	Złoty Robaczy Dzwon+4	1	4	1	262172	55	0	104	128	71	91	3	7	20	0	0	0	0
5075	Złoty Robaczy Dzwon+5	1	4	1	262172	55	0	112	136	79	99	3	7	20	0	0	0	0
5076	Złoty Robaczy Dzwon+6	1	4	1	262172	55	0	121	145	88	108	3	7	20	0	0	0	0
5077	Złoty Robaczy Dzwon+7	1	4	1	262428	55	0	131	155	98	118	3	7	20	0	0	0	0
5078	Złoty Robaczy Dzwon+8	1	4	1	262428	55	0	142	166	109	129	3	7	20	0	0	0	0
5079	Złoty Robaczy Dzwon+9	1	4	1	262428	55	0	154	178	121	141	3	7	20	0	0	0	0
5080	Stalowy Robaczy Dzwon+0	1	4	1	262172	60	0	95	128	65	75	3	7	17	0	0	0	0
5081	Stalowy Robaczy Dzwon+1	1	4	1	262172	60	0	101	134	71	81	3	7	17	0	0	0	0
5082	Stalowy Robaczy Dzwon+2	1	4	1	262172	60	0	107	140	77	87	3	7	17	0	0	0	0
5083	Stalowy Robaczy Dzwon+3	1	4	1	262172	60	0	113	146	83	93	3	7	17	0	0	0	0
5084	Stalowy Robaczy Dzwon+4	1	4	1	262172	60	0	119	152	89	99	3	7	17	0	0	0	0
5085	Stalowy Robaczy Dzwon+5	1	4	1	262172	60	0	127	160	97	107	3	7	17	0	0	0	0
5086	Stalowy Robaczy Dzwon+6	1	4	1	262172	60	0	136	169	106	116	3	7	17	0	0	0	0
5087	Stalowy Robaczy Dzwon+7	1	4	1	262428	60	0	146	179	116	126	3	7	17	0	0	0	0
5088	Stalowy Robaczy Dzwon+8	1	4	1	262428	60	0	157	190	127	137	3	7	17	0	0	0	0
5089	Stalowy Robaczy Dzwon+9	1	4	1	262428	60	0	169	202	139	149	3	7	17	0	0	0	0
5090	Dzwon Burzowego Ptaka+0	1	4	1	262172	65	0	102	139	83	96	3	7	25	0	0	0	0
5091	Dzwon Burzowego Ptaka+1	1	4	1	262172	65	0	108	145	89	102	3	7	25	0	0	0	0
5092	Dzwon Burzowego Ptaka+2	1	4	1	262172	65	0	116	152	96	109	3	7	25	0	0	0	0
5093	Dzwon Burzowego Ptaka+3	1	4	1	262172	65	0	122	159	102	114	3	7	25	0	0	0	0
5094	Dzwon Burzowego Ptaka+4	1	4	1	262172	65	0	128	166	109	121	3	7	25	0	0	0	0
5095	Dzwon Burzowego Ptaka+5	1	4	1	262172	65	0	138	174	117	130	3	7	25	0	0	0	0
5096	Dzwon Burzowego Ptaka+6	1	4	1	262172	65	0	148	186	127	139	3	7	25	0	0	0	0
5097	Dzwon Burzowego Ptaka+7	1	4	1	262428	65	0	160	197	138	151	3	7	25	0	0	0	0
5098	Dzwon Burzowego Ptaka+8	1	4	1	262428	65	0	173	211	151	164	3	7	25	0	0	0	0
5099	Dzwon Burzowego Ptaka+9	1	4	1	262428	65	0	188	226	165	178	3	7	25	0	0	0	0
5100	Dzwon Nieba i Ziemi+0	1	4	1	262172	65	0	96	137	50	82	3	7	15	0	0	0	0
5101	Dzwon Nieba i Ziemi+1	1	4	1	262172	65	0	105	145	55	89	3	7	15	0	0	0	0
5102	Dzwon Nieba i Ziemi+2	1	4	1	262172	65	0	114	155	60	96	3	7	15	0	0	0	0
5103	Dzwon Nieba i Ziemi+3	1	4	1	262172	65	0	125	165	70	106	3	7	15	0	0	0	0
5104	Dzwon Nieba i Ziemi+4	1	4	1	262172	65	0	137	177	80	117	3	7	15	0	0	0	0
5105	Dzwon Nieba i Ziemi+5	1	4	1	262172	65	0	149	190	88	127	3	7	15	0	0	0	0
5106	Dzwon Nieba i Ziemi+6	1	4	1	262172	65	0	163	204	94	138	3	7	15	0	0	0	0
5107	Dzwon Nieba i Ziemi+7	1	4	1	262428	65	0	178	218	99	146	3	7	15	0	0	0	0
5108	Dzwon Nieba i Ziemi+8	1	4	1	262428	65	0	205	245	107	164	3	7	15	0	0	0	0
5109	Dzwon Nieba i Ziemi+9	1	4	1	262428	65	0	242	282	119	190	3	7	15	0	0	0	0
5110	Antyczny Dzwon+0	1	4	1	262172	30	0	50	70	20	30	2	7	15	0	0	0	0
5111	Antyczny Dzwon+1	1	4	1	262172	30	0	56	76	26	36	2	7	15	0	0	0	0
5112	Antyczny Dzwon+2	1	4	1	262172	30	0	61	81	31	41	2	7	15	0	0	0	0
5113	Antyczny Dzwon+3	1	4	1	262172	30	0	67	87	37	47	2	7	15	0	0	0	0
5114	Antyczny Dzwon+4	1	4	1	262172	30	0	72	92	42	52	2	7	15	0	0	0	0
5115	Antyczny Dzwon+5	1	4	1	262172	30	0	80	100	50	60	2	7	15	0	0	0	0
5116	Antyczny Dzwon+6	1	4	1	262172	30	0	88	108	58	68	2	7	15	0	0	0	0
5117	Antyczny Dzwon+7	1	4	1	262428	30	0	98	118	68	78	2	7	15	0	0	0	0
5118	Antyczny Dzwon+8	1	4	1	262428	30	0	108	128	78	88	2	7	15	0	0	0	0
5119	Antyczny Dzwon+9	1	4	1	262428	30	0	120	140	90	100	2	7	15	0	0	0	0
5120	Bambusowy Dzwon+0	1	4	1	262172	75	0	96	137	50	82	3	7	15	0	0	0	0
5121	Bambusowy Dzwon+1	1	4	1	262172	75	0	105	145	55	89	3	7	15	0	0	0	0
5122	Bambusowy Dzwon+2	1	4	1	262172	75	0	114	155	60	96	3	7	15	0	0	0	0
5123	Bambusowy Dzwon+3	1	4	1	262172	75	0	125	165	70	106	3	7	15	0	0	0	0
5124	Bambusowy Dzwon+4	1	4	1	262172	75	0	137	177	80	117	3	7	15	0	0	0	0
5125	Bambusowy Dzwon+5	1	4	1	262172	75	0	149	190	88	127	3	7	15	0	0	0	0
5126	Bambusowy Dzwon+6	1	4	1	262172	75	0	163	204	94	138	3	7	15	0	0	0	0
5127	Bambusowy Dzwon+7	1	4	1	262428	75	0	178	218	99	146	3	7	15	0	0	0	0
5128	Bambusowy Dzwon+8	1	4	1	262428	75	0	205	245	107	164	3	7	15	0	0	0	0
5129	Bambusowy Dzwon+9	1	4	1	262428	75	0	242	282	119	190	3	7	15	0	0	0	0
5130	Dzwon Śmierci+0	1	4	1	262172	70	0	102	139	83	96	3	7	15	17	1	0	0
5131	Dzwon Śmierci+1	1	4	1	262172	70	0	108	145	89	102	3	7	15	17	2	0	0
5132	Dzwon Śmierci+2	1	4	1	262172	70	0	116	152	96	109	3	7	15	17	3	0	0
5133	Dzwon Śmierci+3	1	4	1	262172	70	0	122	159	102	114	3	7	15	17	4	0	0
5134	Dzwon Śmierci+4	1	4	1	262172	70	0	128	166	109	121	3	7	15	17	5	0	0
5135	Dzwon Śmierci+5	1	4	1	262172	70	0	138	174	117	130	3	7	15	17	6	0	0
5136	Dzwon Śmierci+6	1	4	1	262172	70	0	148	186	127	139	3	7	15	17	7	0	0
5137	Dzwon Śmierci+7	1	4	1	262428	70	0	160	197	138	151	3	7	15	17	9	0	0
5138	Dzwon Śmierci+8	1	4	1	262428	70	0	173	211	151	164	3	7	15	17	11	0	0
5139	Dzwon Śmierci+9	1	4	1	262428	70	0	188	226	165	178	3	7	15	17	15	0	0
7000	Wachlarz+0	1	5	1	262172	0	0	11	15	13	15	1	7	20	0	0	0	0
7001	Wachlarz+1	1	5	1	262172	0	0	18	22	20	22	1	7	20	0	0	0	0
7002	Wachlarz+2	1	5	1	262172	0	0	25	29	27	29	1	7	20	0	0	0	0
7003	Wachlarz+3	1	5	1	262172	0	0	32	36	34	36	1	7	20	0	0	0	0
7004	Wachlarz+4	1	5	1	262172	0	0	39	43	41	43	1	7	20	0	0	0	0
7005	Wachlarz+5	1	5	1	262172	0	0	46	50	48	50	1	7	20	0	0	0	0
7006	Wachlarz+6	1	5	1	262172	0	0	53	57	55	57	1	7	20	0	0	0	0
7007	Wachlarz+7	1	5	1	262428	0	0	60	64	62	64	1	7	20	0	0	0	0
7008	Wachlarz+8	1	5	1	262428	0	0	67	71	69	71	1	7	20	0	0	0	0
7009	Wachlarz+9	1	5	1	262428	0	0	74	78	76	78	1	7	20	0	0	0	0
7010	Żelazny Wachlarz+0	1	5	1	262172	5	0	13	18	15	22	1	7	20	0	0	0	0
7011	Żelazny Wachlarz+1	1	5	1	262172	5	0	20	25	22	29	1	7	20	0	0	0	0
7012	Żelazny Wachlarz+2	1	5	1	262172	5	0	27	32	29	36	1	7	20	0	0	0	0
7013	Żelazny Wachlarz+3	1	5	1	262172	5	0	34	39	36	43	1	7	20	0	0	0	0
7014	Żelazny Wachlarz+4	1	5	1	262172	5	0	41	46	43	50	1	7	20	0	0	0	0
7015	Żelazny Wachlarz+5	1	5	1	262172	5	0	48	53	50	57	1	7	20	0	0	0	0
7016	Żelazny Wachlarz+6	1	5	1	262172	5	0	55	60	57	64	1	7	20	0	0	0	0
7017	Żelazny Wachlarz+7	1	5	1	262428	5	0	62	67	64	71	1	7	20	0	0	0	0
7018	Żelazny Wachlarz+8	1	5	1	262428	5	0	69	74	71	78	1	7	20	0	0	0	0
7019	Żelazny Wachlarz+9	1	5	1	262428	5	0	76	81	78	85	1	7	20	0	0	0	0
7020	Wachlarz Czarn. Tygr.+0	1	5	1	262172	10	0	15	22	20	28	1	7	20	0	0	0	0
7021	Wachlarz Czarn. Tygr.+1	1	5	1	262172	10	0	22	29	27	35	1	7	20	0	0	0	0
7022	Wachlarz Czarn. Tygr.+2	1	5	1	262172	10	0	29	36	34	42	1	7	20	0	0	0	0
7023	Wachlarz Czarn. Tygr.+3	1	5	1	262172	10	0	36	43	41	49	1	7	20	0	0	0	0
7024	Wachlarz Czarn. Tygr.+4	1	5	1	262172	10	0	43	50	48	56	1	7	20	0	0	0	0
7025	Wachlarz Czarn. Tygr.+5	1	5	1	262172	10	0	50	57	55	63	1	7	20	0	0	0	0
7026	Wachlarz Czarn. Tygr.+6	1	5	1	262172	10	0	57	64	62	70	1	7	20	0	0	0	0
7027	Wachlarz Czarn. Tygr.+7	1	5	1	262428	10	0	64	71	69	77	1	7	20	0	0	0	0
7028	Wachlarz Czarn. Tygr.+8	1	5	1	262428	10	0	71	78	76	84	1	7	20	0	0	0	0
7029	Wachlarz Czarn. Tygr.+9	1	5	1	262428	10	0	78	85	83	91	1	7	20	0	0	0	0
7030	Żurawi Wachlarz+0	1	5	1	262172	15	0	18	25	24	32	1	7	20	0	0	0	0
7031	Żurawi Wachlarz+1	1	5	1	262172	15	0	25	32	31	39	1	7	20	0	0	0	0
7032	Żurawi Wachlarz+2	1	5	1	262172	15	0	32	39	38	46	1	7	20	0	0	0	0
7033	Żurawi Wachlarz+3	1	5	1	262172	15	0	39	46	45	53	1	7	20	0	0	0	0
7034	Żurawi Wachlarz+4	1	5	1	262172	15	0	46	53	52	60	1	7	20	0	0	0	0
7035	Żurawi Wachlarz+5	1	5	1	262172	15	0	53	60	59	67	1	7	20	0	0	0	0
7036	Żurawi Wachlarz+6	1	5	1	262172	15	0	60	67	66	74	1	7	20	0	0	0	0
7037	Żurawi Wachlarz+7	1	5	1	262428	15	0	67	74	73	81	1	7	20	0	0	0	0
7038	Żurawi Wachlarz+8	1	5	1	262428	15	0	74	81	80	88	1	7	20	0	0	0	0
7039	Żurawi Wachlarz+9	1	5	1	262428	15	0	81	88	87	95	1	7	20	0	0	0	0
7040	Pawi Wachlarz+0	1	5	1	262172	20	0	22	29	29	33	1	7	20	0	0	0	0
7041	Pawi Wachlarz+1	1	5	1	262172	20	0	29	36	36	40	1	7	20	0	0	0	0
7042	Pawi Wachlarz+2	1	5	1	262172	20	0	36	43	43	47	1	7	20	0	0	0	0
7043	Pawi Wachlarz+3	1	5	1	262172	20	0	43	50	50	54	1	7	20	0	0	0	0
7044	Pawi Wachlarz+4	1	5	1	262172	20	0	50	57	57	61	1	7	20	0	0	0	0
7045	Pawi Wachlarz+5	1	5	1	262172	20	0	57	64	64	68	1	7	20	0	0	0	0
7046	Pawi Wachlarz+6	1	5	1	262172	20	0	64	71	71	75	1	7	20	0	0	0	0
7047	Pawi Wachlarz+7	1	5	1	262428	20	0	71	78	78	82	1	7	20	0	0	0	0
7048	Pawi Wachlarz+8	1	5	1	262428	20	0	78	85	85	89	1	7	20	0	0	0	0
7049	Pawi Wachlarz+9	1	5	1	262428	20	0	85	92	92	96	1	7	20	0	0	0	0
7050	Wodny Wachlarz+0	1	5	1	262172	25	0	35	43	29	39	2	7	20	0	0	0	0
7051	Wodny Wachlarz+1	1	5	1	262172	25	0	41	49	35	45	2	7	20	0	0	0	0
7052	Wodny Wachlarz+2	1	5	1	262172	25	0	47	55	41	51	2	7	20	0	0	0	0
7053	Wodny Wachlarz+3	1	5	1	262172	25	0	53	61	47	57	2	7	20	0	0	0	0
7054	Wodny Wachlarz+4	1	5	1	262172	25	0	59	67	53	63	2	7	20	0	0	0	0
7055	Wodny Wachlarz+5	1	5	1	262172	25	0	67	75	61	71	2	7	20	0	0	0	0
7056	Wodny Wachlarz+6	1	5	1	262172	25	0	76	84	70	80	2	7	20	0	0	0	0
7057	Wodny Wachlarz+7	1	5	1	262428	25	0	86	94	80	90	2	7	20	0	0	0	0
7058	Wodny Wachlarz+8	1	5	1	262428	25	0	97	105	91	101	2	7	20	0	0	0	0
7059	Wodny Wachlarz+9	1	5	1	262428	25	0	109	117	103	113	2	7	20	0	0	0	0
7060	Kamienny Wachlarz+0	1	5	1	262172	32	0	37	48	31	47	2	7	20	0	0	0	0
7061	Kamienny Wachlarz+1	1	5	1	262172	32	0	43	54	37	53	2	7	20	0	0	0	0
7062	Kamienny Wachlarz+2	1	5	1	262172	32	0	49	60	43	59	2	7	20	0	0	0	0
7063	Kamienny Wachlarz+3	1	5	1	262172	32	0	55	66	49	65	2	7	20	0	0	0	0
7064	Kamienny Wachlarz+4	1	5	1	262172	32	0	61	72	55	71	2	7	20	0	0	0	0
7065	Kamienny Wachlarz+5	1	5	1	262172	32	0	69	80	63	79	2	7	20	0	0	0	0
7066	Kamienny Wachlarz+6	1	5	1	262172	32	0	78	89	72	88	2	7	20	0	0	0	0
7067	Kamienny Wachlarz+7	1	5	1	262428	32	0	88	99	82	98	2	7	20	0	0	0	0
7068	Kamienny Wachlarz+8	1	5	1	262428	32	0	99	110	93	109	2	7	20	0	0	0	0
7069	Kamienny Wachlarz+9	1	5	1	262428	32	0	111	122	105	121	2	7	20	0	0	0	0
7070	Oceaniczny Wachlarz+0	1	5	1	262172	36	0	42	52	34	62	2	7	20	0	0	0	0
7071	Oceaniczny Wachlarz+1	1	5	1	262172	36	0	48	58	40	68	2	7	20	0	0	0	0
7072	Oceaniczny Wachlarz+2	1	5	1	262172	36	0	54	64	46	74	2	7	20	0	0	0	0
7073	Oceaniczny Wachlarz+3	1	5	1	262172	36	0	60	70	52	80	2	7	20	0	0	0	0
7074	Oceaniczny Wachlarz+4	1	5	1	262172	36	0	66	76	58	86	2	7	20	0	0	0	0
7075	Oceaniczny Wachlarz+5	1	5	1	262172	36	0	74	84	66	94	2	7	20	0	0	0	0
7076	Oceaniczny Wachlarz+6	1	5	1	262172	36	0	83	93	75	103	2	7	20	0	0	0	0
7077	Oceaniczny Wachlarz+7	1	5	1	262428	36	0	93	103	85	113	2	7	20	0	0	0	0
7078	Oceaniczny Wachlarz+8	1	5	1	262428	36	0	104	114	96	124	2	7	20	0	0	0	0
7079	Oceaniczny Wachlarz+9	1	5	1	262428	36	0	116	126	108	136	2	7	20	0	0	0	0
7080	Żądłowy Wachlarz+0	1	5	1	262172	40	0	47	63	52	75	2	7	20	0	0	0	0
7081	Żądłowy Wachlarz+1	1	5	1	262172	40	0	53	69	58	81	2	7	20	0	0	0	0
7082	Żądłowy Wachlarz+2	1	5	1	262172	40	0	59	75	64	87	2	7	20	0	0	0	0
7083	Żądłowy Wachlarz+3	1	5	1	262172	40	0	65	81	70	93	2	7	20	0	0	0	0
7084	Żądłowy Wachlarz+4	1	5	1	262172	40	0	71	87	76	99	2	7	20	0	0	0	0
7085	Żądłowy Wachlarz+5	1	5	1	262172	40	0	79	95	84	107	2	7	20	0	0	0	0
7086	Żądłowy Wachlarz+6	1	5	1	262172	40	0	88	104	93	116	2	7	20	0	0	0	0
7087	Żądłowy Wachlarz+7	1	5	1	262428	40	0	98	114	103	126	2	7	20	0	0	0	0
7088	Żądłowy Wachlarz+8	1	5	1	262428	40	0	109	125	114	137	2	7	20	0	0	0	0
7089	Żądłowy Wachlarz+9	1	5	1	262428	40	0	121	137	126	149	2	7	20	0	0	0	0
7090	Wachlarz Feniksa+0	1	5	1	262172	45	0	50	64	59	89	3	7	25	0	0	0	0
7091	Wachlarz Feniksa+1	1	5	1	262172	45	0	56	70	65	95	3	7	25	0	0	0	0
7092	Wachlarz Feniksa+2	1	5	1	262172	45	0	62	76	71	101	3	7	25	0	0	0	0
7093	Wachlarz Feniksa+3	1	5	1	262172	45	0	68	82	77	107	3	7	25	0	0	0	0
7094	Wachlarz Feniksa+4	1	5	1	262172	45	0	74	88	83	113	3	7	25	0	0	0	0
7095	Wachlarz Feniksa+5	1	5	1	262172	45	0	82	96	91	121	3	7	25	0	0	0	0
7096	Wachlarz Feniksa+6	1	5	1	262172	45	0	91	105	100	130	3	7	25	0	0	0	0
7097	Wachlarz Feniksa+7	1	5	1	262428	45	0	101	115	110	140	3	7	25	0	0	0	0
7098	Wachlarz Feniksa+8	1	5	1	262428	45	0	112	126	121	151	3	7	25	0	0	0	0
7099	Wachlarz Feniksa+9	1	5	1	262428	45	0	124	138	133	163	3	7	25	0	0	0	0
7100	Potrójny Wachlarz+0	1	5	1	262172	50	0	49	73	68	90	3	7	22	0	0	0	0
7101	Potrójny Wachlarz+1	1	5	1	262172	50	0	55	79	74	96	3	7	22	0	0	0	0
7102	Potrójny Wachlarz+2	1	5	1	262172	50	0	61	85	80	102	3	7	22	0	0	0	0
7103	Potrójny Wachlarz+3	1	5	1	262172	50	0	67	91	86	108	3	7	22	0	0	0	0
7104	Potrójny Wachlarz+4	1	5	1	262172	50	0	73	97	92	114	3	7	22	0	0	0	0
7105	Potrójny Wachlarz+5	1	5	1	262172	50	0	81	105	100	122	3	7	22	0	0	0	0
7106	Potrójny Wachlarz+6	1	5	1	262172	50	0	90	114	109	131	3	7	22	0	0	0	0
7107	Potrójny Wachlarz+7	1	5	1	262428	50	0	100	124	119	141	3	7	22	0	0	0	0
7108	Potrójny Wachlarz+8	1	5	1	262428	50	0	111	135	130	152	3	7	22	0	0	0	0
7109	Potrójny Wachlarz+9	1	5	1	262428	50	0	123	147	142	164	3	7	22	0	0	0	0
7110	Brwisty Wachlarz+0	1	5	1	262172	55	0	62	88	70	100	3	7	20	0	0	0	0
7111	Brwisty Wachlarz+1	1	5	1	262172	55	0	68	94	76	106	3	7	20	0	0	0	0
7112	Brwisty Wachlarz+2	1	5	1	262172	55	0	74	100	82	112	3	7	20	0	0	0	0
7113	Brwisty Wachlarz+3	1	5	1	262172	55	0	80	106	88	118	3	7	20	0	0	0	0
7114	Brwisty Wachlarz+4	1	5	1	262172	55	0	86	112	94	124	3	7	20	0	0	0	0
7115	Brwisty Wachlarz+5	1	5	1	262172	55	0	94	120	102	132	3	7	20	0	0	0	0
7116	Brwisty Wachlarz+6	1	5	1	262172	55	0	103	129	111	141	3	7	20	0	0	0	0
7117	Brwisty Wachlarz+7	1	5	1	262428	55	0	113	139	121	151	3	7	20	0	0	0	0
7118	Brwisty Wachlarz+8	1	5	1	262428	55	0	124	150	132	162	3	7	20	0	0	0	0
7119	Brwisty Wachlarz+9	1	5	1	262428	55	0	136	162	144	174	3	7	20	0	0	0	0
7120	Czarny Słon. Wachlarz+0	1	5	1	262172	60	0	85	103	93	107	3	7	17	0	0	0	0
7121	Czarny Słon. Wachlarz+1	1	5	1	262172	60	0	91	109	99	113	3	7	17	0	0	0	0
7122	Czarny Słon. Wachlarz+2	1	5	1	262172	60	0	97	115	105	119	3	7	17	0	0	0	0
7123	Czarny Słon. Wachlarz+3	1	5	1	262172	60	0	103	121	111	125	3	7	17	0	0	0	0
7124	Czarny Słon. Wachlarz+4	1	5	1	262172	60	0	109	127	117	131	3	7	17	0	0	0	0
7125	Czarny Słon. Wachlarz+5	1	5	1	262172	60	0	117	135	125	139	3	7	17	0	0	0	0
7126	Czarny Słon. Wachlarz+6	1	5	1	262172	60	0	126	144	134	148	3	7	17	0	0	0	0
7127	Czarny Słon. Wachlarz+7	1	5	1	262428	60	0	136	154	144	158	3	7	17	0	0	0	0
7128	Czarny Słon. Wachlarz+8	1	5	1	262428	60	0	147	165	155	169	3	7	17	0	0	0	0
7129	Czarny Słon. Wachlarz+9	1	5	1	262428	60	0	159	177	167	181	3	7	17	0	0	0	0
7130	Niebiań. Ptasi Wachl.+0	1	5	1	262172	65	0	64	96	83	97	3	7	25	0	0	0	0
7131	Niebiań. Ptasi Wachl.+1	1	5	1	262172	65	0	72	104	88	104	3	7	25	0	0	0	0
7132	Niebiań. Ptasi Wachl.+2	1	5	1	262172	65	0	81	113	93	111	3	7	25	0	0	0	0
7133	Niebiań. Ptasi Wachl.+3	1	5	1	262172	65	0	91	123	102	120	3	7	25	0	0	0	0
7134	Niebiań. Ptasi Wachl.+4	1	5	1	262172	65	0	102	134	111	130	3	7	25	0	0	0	0
7135	Niebiań. Ptasi Wachl.+5	1	5	1	262172	65	0	114	146	119	140	3	7	25	0	0	0	0
7136	Niebiań. Ptasi Wachl.+6	1	5	1	262172	65	0	127	159	125	150	3	7	25	0	0	0	0
7137	Niebiań. Ptasi Wachl.+7	1	5	1	262428	65	0	141	173	129	158	3	7	25	0	0	0	0
7138	Niebiań. Ptasi Wachl.+8	1	5	1	262428	65	0	166	198	137	175	3	7	25	0	0	0	0
7139	Niebiań. Ptasi Wachl.+9	1	5	1	262428	65	0	201	233	148	198	3	7	25	0	0	0	0
7140	Wachlarz Zbawienia+0	1	5	1	262172	65	0	64	96	104	121	3	7	15	0	0	0	0
7141	Wachlarz Zbawienia+1	1	5	1	262172	65	0	72	104	110	130	3	7	15	0	0	0	0
7142	Wachlarz Zbawienia+2	1	5	1	262172	65	0	81	113	124	139	3	7	15	0	0	0	0
7143	Wachlarz Zbawienia+3	1	5	1	262172	65	0	91	123	128	150	3	7	15	0	0	0	0
7144	Wachlarz Zbawienia+4	1	5	1	262172	65	0	102	134	139	163	3	7	15	0	0	0	0
7145	Wachlarz Zbawienia+5	1	5	1	262172	65	0	114	146	149	175	3	7	15	0	0	0	0
7146	Wachlarz Zbawienia+6	1	5	1	262172	65	0	127	159	156	188	3	7	15	0	0	0	0
7147	Wachlarz Zbawienia+7	1	5	1	262428	65	0	141	173	161	198	3	7	15	0	0	0	0
7148	Wachlarz Zbawienia+8	1	5	1	262428	65	0	166	198	171	219	3	7	15	0	0	0	0
7149	Wachlarz Zbawienia+9	1	5	1	262428	65	0	201	233	185	248	3	7	15	0	0	0	0
7150	Ekstazyjny Wachlarz+0	1	5	1	262172	70	0	58	86	94	109	3	7	15	17	1	0	0
7151	Ekstazyjny Wachlarz+1	1	5	1	262172	70	0	65	94	99	117	3	7	15	17	2	0	0
7152	Ekstazyjny Wachlarz+2	1	5	1	262172	70	0	73	102	112	125	3	7	15	17	3	0	0
7153	Ekstazyjny Wachlarz+3	1	5	1	262172	70	0	82	111	115	135	3	7	15	17	4	0	0
7154	Ekstazyjny Wachlarz+4	1	5	1	262172	70	0	92	121	125	147	3	7	15	17	5	0	0
7155	Ekstazyjny Wachlarz+5	1	5	1	262172	70	0	103	131	134	158	3	7	15	17	6	0	0
7156	Ekstazyjny Wachlarz+6	1	5	1	262172	70	0	114	143	140	169	3	7	15	17	7	0	0
7157	Ekstazyjny Wachlarz+7	1	5	1	262428	70	0	127	156	145	178	3	7	15	17	9	0	0
7158	Ekstazyjny Wachlarz+8	1	5	1	262428	70	0	149	178	154	197	3	7	15	17	11	0	0
7159	Ekstazyjny Wachlarz+9	1	5	1	262428	70	0	181	210	167	223	3	7	15	17	15	0	0
7160	Wachlarz Jes. Wiatru+0	1	5	1	262172	30	0	43	55	45	76	2	7	15	0	0	0	0
7161	Wachlarz Jes. Wiatru+1	1	5	1	262172	30	0	49	61	51	82	2	7	15	0	0	0	0
7162	Wachlarz Jes. Wiatru+2	1	5	1	262172	30	0	54	66	56	87	2	7	15	0	0	0	0
7163	Wachlarz Jes. Wiatru+3	1	5	1	262172	30	0	60	72	62	93	2	7	15	0	0	0	0
7164	Wachlarz Jes. Wiatru+4	1	5	1	262172	30	0	65	77	67	98	2	7	15	0	0	0	0
7165	Wachlarz Jes. Wiatru+5	1	5	1	262172	30	0	73	85	75	106	2	7	15	0	0	0	0
7166	Wachlarz Jes. Wiatru+6	1	5	1	262172	30	0	81	93	83	114	2	7	15	0	0	0	0
7167	Wachlarz Jes. Wiatru+7	1	5	1	262428	30	0	91	103	93	124	2	7	15	0	0	0	0
7168	Wachlarz Jes. Wiatru+8	1	5	1	262428	30	0	101	113	103	134	2	7	15	0	0	0	0
7169	Wachlarz Jes. Wiatru+9	1	5	1	262428	30	0	113	125	115	146	2	7	15	0	0	0	0
7170	Wachlarz Leż. Smoka+0	1	5	1	262172	75	0	64	96	104	121	3	7	17	0	0	0	0
7171	Wachlarz Leż. Smoka+1	1	5	1	262172	75	0	72	104	110	130	3	7	18	0	0	0	0
7172	Wachlarz Leż. Smoka+2	1	5	1	262172	75	0	81	113	124	139	3	7	19	0	0	0	0
7173	Wachlarz Leż. Smoka+3	1	5	1	262172	75	0	91	123	128	150	3	7	20	0	0	0	0
7174	Wachlarz Leż. Smoka+4	1	5	1	262172	75	0	102	134	139	163	3	7	21	0	0	0	0
7175	Wachlarz Leż. Smoka+5	1	5	1	262172	75	0	114	146	149	175	3	7	22	0	0	0	0
7176	Wachlarz Leż. Smoka+6	1	5	1	262172	75	0	127	159	156	188	3	7	23	0	0	0	0
7177	Wachlarz Leż. Smoka+7	1	5	1	262428	75	0	141	173	161	198	3	7	24	0	0	0	0
7178	Wachlarz Leż. Smoka+8	1	5	1	262428	75	0	166	198	171	209	3	7	25	0	0	0	0
7179	Wachlarz Leż. Smoka+9	1	5	1	262428	75	0	201	233	185	226	3	7	26	0	0	0	0
8000	Strzała	1	6	1	52	0	0	1	0	0	0	0	0	0	0	0	0	0
10030	Księga Umiejętności	0	0	1	0	0	0	0	0	0	0	0	0	0	0	0	0	0
10031	Księga Umiejętności	0	0	1	0	0	0	0	0	0	0	0	0	0	0	0	0	0
10032	Księga Umiejętności	0	0	1	0	0	0	0	0	0	0	0	0	0	0	0	0	0
10033	Kamień Duszy	0	0	1	0	0	0	0	0	0	0	0	0	0	0	0	0	0
10040	Kamień Duszy	0	0	1	0	0	0	0	0	0	0	0	0	0	0	0	0	0
10041	Kamień Duszy	0	0	1	0	0	0	0	0	0	0	0	0	0	0	0	0	0
11200	Mnisia Zbr. Płyt.+0	2	0	2	262200	0	12	0	0	0	0	1	8	0	0	0	0	0
11201	Mnisia Zbr. Płyt.+1	2	0	2	262200	0	18	0	0	0	0	1	8	0	0	0	0	0
11202	Mnisia Zbr. Płyt.+2	2	0	2	262200	0	24	0	0	0	0	1	8	0	0	0	0	0
11203	Mnisia Zbr. Płyt.+3	2	0	2	262200	0	30	0	0	0	0	1	8	0	0	0	0	0
11204	Mnisia Zbr. Płyt.+4	2	0	2	262200	0	36	0	0	0	0	1	8	0	0	0	0	0
11205	Mnisia Zbr. Płyt.+5	2	0	2	262200	0	42	0	0	0	0	1	8	0	0	0	0	0
11206	Mnisia Zbr. Płyt.+6	2	0	2	262200	0	48	0	0	0	0	1	8	0	0	0	0	0
11207	Mnisia Zbr. Płyt.+7	2	0	2	262456	0	54	0	0	0	0	1	8	0	0	0	0	0
11208	Mnisia Zbr. Płyt.+8	2	0	2	262456	0	60	0	0	0	0	1	8	0	0	0	0	0
11209	Mnisia Zbr. Płyt.+9	2	0	2	262456	0	66	0	0	0	0	1	8	0	0	0	0	0
11210	Żelazna Zbr. Płyt.+0	2	0	2	262200	9	21	0	0	0	0	1	8	-2	0	0	0	0
11211	Żelazna Zbr. Płyt.+1	2	0	2	262200	9	27	0	0	0	0	1	8	-2	0	0	0	0
11212	Żelazna Zbr. Płyt.+2	2	0	2	262200	9	33	0	0	0	0	1	8	-2	0	0	0	0
11213	Żelazna Zbr. Płyt.+3	2	0	2	262200	9	39	0	0	0	0	1	8	-2	0	0	0	0
11214	Żelazna Zbr. Płyt.+4	2	0	2	262200	9	45	0	0	0	0	1	8	-2	0	0	0	0
11215	Żelazna Zbr. Płyt.+5	2	0	2	262200	9	51	0	0	0	0	1	8	-2	0	0	0	0
11216	Żelazna Zbr. Płyt.+6	2	0	2	262200	9	57	0	0	0	0	1	8	-2	0	0	0	0
11217	Żelazna Zbr. Płyt.+7	2	0	2	262456	9	63	0	0	0	0	1	8	-2	0	0	0	0
11218	Żelazna Zbr. Płyt.+8	2	0	2	262456	9	69	0	0	0	0	1	8	-2	0	0	0	0
11219	Żelazna Zbr. Płyt.+9	2	0	2	262456	9	75	0	0	0	0	1	8	-2	0	0	0	0
11220	Zbr. Płyt. Tygrysa+0	2	0	2	262200	18	29	0	0	0	0	1	8	-3	0	0	0	0
11221	Zbr. Płyt. Tygrysa+1	2	0	2	262200	18	35	0	0	0	0	1	8	-3	0	0	0	0
11222	Zbr. Płyt. Tygrysa+2	2	0	2	262200	18	41	0	0	0	0	1	8	-3	0	0	0	0
11223	Zbr. Płyt. Tygrysa+3	2	0	2	262200	18	47	0	0	0	0	1	8	-3	0	0	0	0
11224	Zbr. Płyt. Tygrysa+4	2	0	2	262200	18	53	0	0	0	0	1	8	-3	0	0	0	0
11225	Zbr. Płyt. Tygrysa+5	2	0	2	262200	18	59	0	0	0	0	1	8	-3	0	0	0	0
11226	Zbr. Płyt. Tygrysa+6	2	0	2	262200	18	65	0	0	0	0	1	8	-3	0	0	0	0
11227	Zbr. Płyt. Tygrysa+7	2	0	2	262456	18	71	0	0	0	0	1	8	-3	0	0	0	0
11228	Zbr. Płyt. Tygrysa+8	2	0	2	262456	18	77	0	0	0	0	1	8	-3	0	0	0	0
11229	Zbr. Płyt. Tygrysa+9	2	0	2	262456	18	83	0	0	0	0	1	8	-3	0	0	0	0
11230	Lwia Zbroja Płytowa+0	2	0	2	262200	26	38	0	0	0	0	2	8	-5	0	0	0	0
11231	Lwia Zbroja Płytowa+1	2	0	2	262200	26	44	0	0	0	0	2	8	-5	0	0	0	0
11232	Lwia Zbroja Płytowa+2	2	0	2	262200	26	50	0	0	0	0	2	8	-5	0	0	0	0
11233	Lwia Zbroja Płytowa+3	2	0	2	262200	26	56	0	0	0	0	2	8	-5	0	0	0	0
11234	Lwia Zbroja Płytowa+4	2	0	2	262200	26	62	0	0	0	0	2	8	-5	0	0	0	0
11235	Lwia Zbroja Płytowa+5	2	0	2	262200	26	68	0	0	0	0	2	8	-5	0	0	0	0
11236	Lwia Zbroja Płytowa+6	2	0	2	262200	26	74	0	0	0	0	2	8	-5	0	0	0	0
11237	Lwia Zbroja Płytowa+7	2	0	2	262456	26	80	0	0	0	0	2	8	-5	0	0	0	0
11238	Lwia Zbroja Płytowa+8	2	0	2	262456	26	86	0	0	0	0	2	8	-5	0	0	0	0
11239	Lwia Zbroja Płytowa+9	2	0	2	262456	26	92	0	0	0	0	2	8	-5	0	0	0	0
11240	Śmiert. Zbroja Płytowa+0	2	0	2	262200	34	47	0	0	0	0	2	8	-7	0	0	0	0
11241	Śmiert. Zbroja Płytowa+1	2	0	2	262200	34	53	0	0	0	0	2	8	-7	0	0	0	0
11242	Śmiert. Zbroja Płytowa+2	2	0	2	262200	34	59	0	0	0	0	2	8	-7	0	0	0	0
11243	Śmiert. Zbroja Płytowa+3	2	0	2	262200	34	65	0	0	0	0	2	8	-7	0	0	0	0
11244	Śmiert. Zbroja Płytowa+4	2	0	2	262200	34	71	0	0	0	0	2	8	-7	0	0	0	0
11245	Śmiert. Zbroja Płytowa+5	2	0	2	262200	34	77	0	0	0	0	2	8	-7	0	0	0	0
11246	Śmiert. Zbroja Płytowa+6	2	0	2	262200	34	83	0	0	0	0	2	8	-7	0	0	0	0
11247	Śmiert. Zbroja Płytowa+7	2	0	2	262456	34	89	0	0	0	0	2	8	-7	0	0	0	0
11248	Śmiert. Zbroja Płytowa+8	2	0	2	262456	34	95	0	0	0	0	2	8	-7	0	0	0	0
11249	Śmiert. Zbroja Płytowa+9	2	0	2	262456	34	101	0	0	0	0	2	8	-7	0	0	0	0
11250	Smocza Zbroja Płytowa+0	2	0	2	262200	42	55	0	0	0	0	2	8	-8	0	0	0	0
11251	Smocza Zbroja Płytowa+1	2	0	2	262200	42	61	0	0	0	0	2	8	-8	0	0	0	0
11252	Smocza Zbroja Płytowa+2	2	0	2	262200	42	67	0	0	0	0	2	8	-8	0	0	0	0
11253	Smocza Zbroja Płytowa+3	2	0	2	262200	42	73	0	0	0	0	2	8	-8	0	0	0	0
11254	Smocza Zbroja Płytowa+4	2	0	2	262200	42	79	0	0	0	0	2	8	-8	0	0	0	0
11255	Smocza Zbroja Płytowa+5	2	0	2	262200	42	85	0	0	0	0	2	8	-8	0	0	0	0
11256	Smocza Zbroja Płytowa+6	2	0	2	262200	42	91	0	0	0	0	2	8	-8	0	0	0	0
11257	Smocza Zbroja Płytowa+7	2	0	2	262456	42	97	0	0	0	0	2	8	-8	0	0	0	0
11258	Smocza Zbroja Płytowa+8	2	0	2	262456	42	103	0	0	0	0	2	8	-8	0	0	0	0
11259	Smocza Zbroja Płytowa+9	2	0	2	262456	42	109	0	0	0	0	2	8	-8	0	0	0	0
11260	Zbroja Płytowa Z Łusek+0	2	0	2	262200	48	64	0	0	0	0	3	8	-10	0	0	0	0
11261	Zbroja Płytowa Z Łusek+1	2	0	2	262200	48	70	0	0	0	0	3	8	-10	0	0	0	0
11262	Zbroja Płytowa Z Łusek+2	2	0	2	262200	48	76	0	0	0	0	3	8	-10	0	0	0	0
11263	Zbroja Płytowa Z Łusek+3	2	0	2	262200	48	82	0	0	0	0	3	8	-10	0	0	0	0
11264	Zbroja Płytowa Z Łusek+4	2	0	2	262200	48	88	0	0	0	0	3	8	-10	0	0	0	0
11265	Zbroja Płytowa Z Łusek+5	2	0	2	262200	48	94	0	0	0	0	3	8	-10	0	0	0	0
11266	Zbroja Płytowa Z Łusek+6	2	0	2	262200	48	100	0	0	0	0	3	8	-10	0	0	0	0
11267	Zbroja Płytowa Z Łusek+7	2	0	2	262456	48	106	0	0	0	0	3	8	-10	0	0	0	0
11268	Zbroja Płytowa Z Łusek+8	2	0	2	262456	48	112	0	0	0	0	3	8	-10	0	0	0	0
11269	Zbroja Płytowa Z Łusek+9	2	0	2	262456	48	118	0	0	0	0	3	8	-10	0	0	0	0
11270	Złota Zbroja Płytowa+0	2	0	2	262200	54	72	0	0	0	0	3	8	-12	0	0	0	0
11271	Złota Zbroja Płytowa+1	2	0	2	262200	54	78	0	0	0	0	3	8	-12	0	0	0	0
11272	Złota Zbroja Płytowa+2	2	0	2	262200	54	84	0	0	0	0	3	8	-12	0	0	0	0
11273	Złota Zbroja Płytowa+3	2	0	2	262200	54	90	0	0	0	0	3	8	-12	0	0	0	0
11274	Złota Zbroja Płytowa+4	2	0	2	262200	54	96	0	0	0	0	3	8	-12	0	0	0	0
11275	Złota Zbroja Płytowa+5	2	0	2	262200	54	102	0	0	0	0	3	8	-12	0	0	0	0
11276	Złota Zbroja Płytowa+6	2	0	2	262200	54	108	0	0	0	0	3	8	-12	0	0	0	0
11277	Złota Zbroja Płytowa+7	2	0	2	262456	54	114	0	0	0	0	3	8	-12	0	0	0	0
11278	Złota Zbroja Płytowa+8	2	0	2	262456	54	120	0	0	0	0	3	8	-12	0	0	0	0
11279	Złota Zbroja Płytowa+9	2	0	2	262456	54	126	0	0	0	0	3	8	-12	0	0	0	0
11280	Zbroja Boga Smoków+0	2	0	2	262200	61	81	0	0	0	0	3	8	-13	0	0	0	0
11281	Zbroja Boga Smoków+1	2	0	2	262200	61	87	0	0	0	0	3	8	-13	0	0	0	0
11282	Zbroja Boga Smoków+2	2	0	2	262200	61	93	0	0	0	0	3	8	-13	0	0	0	0
11283	Zbroja Boga Smoków+3	2	0	2	262200	61	99	0	0	0	0	3	8	-13	0	0	0	0
11284	Zbroja Boga Smoków+4	2	0	2	262200	61	105	0	0	0	0	3	8	-13	0	0	0	0
11285	Zbroja Boga Smoków+5	2	0	2	262200	61	111	0	0	0	0	3	8	-13	0	0	0	0
11286	Zbroja Boga Smoków+6	2	0	2	262200	61	117	0	0	0	0	3	8	-13	0	0	0	0
11287	Zbroja Boga Smoków+7	2	0	2	262456	61	123	0	0	0	0	3	8	-13	0	0	0	0
11288	Zbroja Boga Smoków+8	2	0	2	262456	61	129	0	0	0	0	3	8	-13	0	0	0	0
11289	Zbroja Boga Smoków+9	2	0	2	262456	61	135	0	0	0	0	3	8	-13	0	0	0	0
11290	Zbroja z Czarnej Stali+0	2	0	2	262200	66	90	0	0	0	0	3	8	-15	37	2	0	0
11291	Zbroja z Czarnej Stali+1	2	0	2	262200	66	96	0	0	0	0	3	8	-14	37	3	0	0
11292	Zbroja z Czarnej Stali+2	2	0	2	262200	66	102	0	0	0	0	3	8	-13	37	4	0	0
11293	Zbroja z Czarnej Stali+3	2	0	2	262200	67	108	0	0	0	0	3	8	-12	37	5	0	0
11294	Zbroja z Czarnej Stali+4	2	0	2	262200	67	114	0	0	0	0	3	8	-11	37	6	0	0
11295	Zbroja z Czarnej Stali+5	2	0	2	262200	68	120	0	0	0	0	3	8	-10	37	7	0	0
11296	Zbroja z Czarnej Stali+6	2	0	2	262200	68	126	0	0	0	0	3	8	-9	37	9	0	0
11297	Zbroja z Czarnej Stali+7	2	0	2	262456	69	132	0	0	0	0	3	8	-8	37	12	0	0
11298	Zbroja z Czarnej Stali+8	2	0	2	262456	69	138	0	0	0	0	3	8	-7	37	15	0	0
11299	Zbroja z Czarnej Stali+9	2	0	2	262456	70	144	0	0	0	0	3	8	-6	37	20	0	0
11400	Błękitne Ubranie+0	2	0	2	262196	0	12	0	0	0	0	1	8	0	0	0	0	0
11401	Błękitne Ubranie+1	2	0	2	262196	0	18	0	0	0	0	1	8	0	0	0	0	0
11402	Błękitne Ubranie+2	2	0	2	262196	0	24	0	0	0	0	1	8	0	0	0	0	0
11403	Błękitne Ubranie+3	2	0	2	262196	0	30	0	0	0	0	1	8	0	0	0	0	0
11404	Błękitne Ubranie+4	2	0	2	262196	0	36	0	0	0	0	1	8	0	0	0	0	0
11405	Błękitne Ubranie+5	2	0	2	262196	0	42	0	0	0	0	1	8	0	0	0	0	0
11406	Błękitne Ubranie+6	2	0	2	262196	0	48	0	0	0	0	1	8	0	0	0	0	0
11407	Błękitne Ubranie+7	2	0	2	262452	0	54	0	0	0	0	1	8	0	0	0	0	0
11408	Błękitne Ubranie+8	2	0	2	262452	0	60	0	0	0	0	1	8	0	0	0	0	0
11409	Błękitne Ubranie+9	2	0	2	262452	0	66	0	0	0	0	1	8	0	0	0	0	0
11410	Kremowe Ubranie+0	2	0	2	262196	9	21	0	0	0	0	1	8	-2	0	0	0	0
11411	Kremowe Ubranie+1	2	0	2	262196	9	27	0	0	0	0	1	8	-2	0	0	0	0
11412	Kremowe Ubranie+2	2	0	2	262196	9	33	0	0	0	0	1	8	-2	0	0	0	0
11413	Kremowe Ubranie+3	2	0	2	262196	9	39	0	0	0	0	1	8	-2	0	0	0	0
11414	Kremowe Ubranie+4	2	0	2	262196	9	45	0	0	0	0	1	8	-2	0	0	0	0
11415	Kremowe Ubranie+5	2	0	2	262196	9	51	0	0	0	0	1	8	-2	0	0	0	0
11416	Kremowe Ubranie+6	2	0	2	262196	9	57	0	0	0	0	1	8	-2	0	0	0	0
11417	Kremowe Ubranie+7	2	0	2	262452	9	63	0	0	0	0	1	8	-2	0	0	0	0
11418	Kremowe Ubranie+8	2	0	2	262452	9	69	0	0	0	0	1	8	-2	0	0	0	0
11419	Kremowe Ubranie+9	2	0	2	262452	9	75	0	0	0	0	1	8	-2	0	0	0	0
11420	Czerwone Ubranie+0	2	0	2	262196	18	29	0	0	0	0	1	8	-3	0	0	0	0
11421	Czerwone Ubranie+1	2	0	2	262196	18	35	0	0	0	0	1	8	-3	0	0	0	0
11422	Czerwone Ubranie+2	2	0	2	262196	18	41	0	0	0	0	1	8	-3	0	0	0	0
11423	Czerwone Ubranie+3	2	0	2	262196	18	47	0	0	0	0	1	8	-3	0	0	0	0
11424	Czerwone Ubranie+4	2	0	2	262196	18	53	0	0	0	0	1	8	-3	0	0	0	0
11425	Czerwone Ubranie+5	2	0	2	262196	18	59	0	0	0	0	1	8	-3	0	0	0	0
11426	Czerwone Ubranie+6	2	0	2	262196	18	65	0	0	0	0	1	8	-3	0	0	0	0
11427	Czerwone Ubranie+7	2	0	2	262452	18	71	0	0	0	0	1	8	-3	0	0	0	0
11428	Czerwone Ubranie+8	2	0	2	262452	18	77	0	0	0	0	1	8	-3	0	0	0	0
11429	Czerwone Ubranie+9	2	0	2	262452	18	83	0	0	0	0	1	8	-3	0	0	0	0
11430	Czer. Ubranie Mrówki+0	2	0	2	262196	26	38	0	0	0	0	2	8	-5	0	0	0	0
11431	Czer. Ubranie Mrówki+1	2	0	2	262196	26	44	0	0	0	0	2	8	-5	0	0	0	0
11432	Czer. Ubranie Mrówki+2	2	0	2	262196	26	50	0	0	0	0	2	8	-5	0	0	0	0
11433	Czer. Ubranie Mrówki+3	2	0	2	262196	26	56	0	0	0	0	2	8	-5	0	0	0	0
11434	Czer. Ubranie Mrówki+4	2	0	2	262196	26	62	0	0	0	0	2	8	-5	0	0	0	0
11435	Czer. Ubranie Mrówki+5	2	0	2	262196	26	68	0	0	0	0	2	8	-5	0	0	0	0
11436	Czer. Ubranie Mrówki+6	2	0	2	262196	26	74	0	0	0	0	2	8	-5	0	0	0	0
11437	Czer. Ubranie Mrówki+7	2	0	2	262452	26	80	0	0	0	0	2	8	-5	0	0	0	0
11438	Czer. Ubranie Mrówki+8	2	0	2	262452	26	86	0	0	0	0	2	8	-5	0	0	0	0
11439	Czer. Ubranie Mrówki+9	2	0	2	262452	26	92	0	0	0	0	2	8	-5	0	0	0	0
11440	Ubranie Lwiej Mrówki+0	2	0	2	262196	34	47	0	0	0	0	2	8	-7	0	0	0	0
11441	Ubranie Lwiej Mrówki+1	2	0	2	262196	34	53	0	0	0	0	2	8	-7	0	0	0	0
11442	Ubranie Lwiej Mrówki+2	2	0	2	262196	34	59	0	0	0	0	2	8	-7	0	0	0	0
11443	Ubranie Lwiej Mrówki+3	2	0	2	262196	34	65	0	0	0	0	2	8	-7	0	0	0	0
11444	Ubranie Lwiej Mrówki+4	2	0	2	262196	34	71	0	0	0	0	2	8	-7	0	0	0	0
11445	Ubranie Lwiej Mrówki+5	2	0	2	262196	34	77	0	0	0	0	2	8	-7	0	0	0	0
11446	Ubranie Lwiej Mrówki+6	2	0	2	262196	34	83	0	0	0	0	2	8	-7	0	0	0	0
11447	Ubranie Lwiej Mrówki+7	2	0	2	262452	34	89	0	0	0	0	2	8	-7	0	0	0	0
11448	Ubranie Lwiej Mrówki+8	2	0	2	262452	34	95	0	0	0	0	2	8	-7	0	0	0	0
11449	Ubranie Lwiej Mrówki+9	2	0	2	262452	34	101	0	0	0	0	2	8	-7	0	0	0	0
11450	Ubranie Zabójcy+0	2	0	2	262196	42	55	0	0	0	0	2	8	-8	0	0	0	0
11451	Ubranie Zabójcy+1	2	0	2	262196	42	61	0	0	0	0	2	8	-8	0	0	0	0
11452	Ubranie Zabójcy+2	2	0	2	262196	42	67	0	0	0	0	2	8	-8	0	0	0	0
11453	Ubranie Zabójcy+3	2	0	2	262196	42	73	0	0	0	0	2	8	-8	0	0	0	0
11454	Ubranie Zabójcy+4	2	0	2	262196	42	79	0	0	0	0	2	8	-8	0	0	0	0
11455	Ubranie Zabójcy+5	2	0	2	262196	42	85	0	0	0	0	2	8	-8	0	0	0	0
11456	Ubranie Zabójcy+6	2	0	2	262196	42	91	0	0	0	0	2	8	-8	0	0	0	0
11457	Ubranie Zabójcy+7	2	0	2	262452	42	97	0	0	0	0	2	8	-8	0	0	0	0
11458	Ubranie Zabójcy+8	2	0	2	262452	42	103	0	0	0	0	2	8	-8	0	0	0	0
11459	Ubranie Zabójcy+9	2	0	2	262452	42	109	0	0	0	0	2	8	-8	0	0	0	0
11460	Ubranie Młodego Smoka+0	2	0	2	262196	48	64	0	0	0	0	3	8	-10	0	0	0	0
11461	Ubranie Młodego Smoka+1	2	0	2	262196	48	70	0	0	0	0	3	8	-10	0	0	0	0
11462	Ubranie Młodego Smoka+2	2	0	2	262196	48	76	0	0	0	0	3	8	-10	0	0	0	0
11463	Ubranie Młodego Smoka+3	2	0	2	262196	48	82	0	0	0	0	3	8	-10	0	0	0	0
11464	Ubranie Młodego Smoka+4	2	0	2	262196	48	88	0	0	0	0	3	8	-10	0	0	0	0
11465	Ubranie Młodego Smoka+5	2	0	2	262196	48	94	0	0	0	0	3	8	-10	0	0	0	0
11466	Ubranie Młodego Smoka+6	2	0	2	262196	48	100	0	0	0	0	3	8	-10	0	0	0	0
11467	Ubranie Młodego Smoka+7	2	0	2	262452	48	106	0	0	0	0	3	8	-10	0	0	0	0
11468	Ubranie Młodego Smoka+8	2	0	2	262452	48	112	0	0	0	0	3	8	-10	0	0	0	0
11469	Ubranie Młodego Smoka+9	2	0	2	262452	48	118	0	0	0	0	3	8	-10	0	0	0	0
11470	Ubranie Zabój. Wiatru+0	2	0	2	262196	54	72	0	0	0	0	3	8	-12	0	0	0	0
11471	Ubranie Zabój. Wiatru+1	2	0	2	262196	54	78	0	0	0	0	3	8	-12	0	0	0	0
11472	Ubranie Zabój. Wiatru+2	2	0	2	262196	54	84	0	0	0	0	3	8	-12	0	0	0	0
11473	Ubranie Zabój. Wiatru+3	2	0	2	262196	54	90	0	0	0	0	3	8	-12	0	0	0	0
11474	Ubranie Zabój. Wiatru+4	2	0	2	262196	54	96	0	0	0	0	3	8	-12	0	0	0	0
11475	Ubranie Zabój. Wiatru+5	2	0	2	262196	54	102	0	0	0	0	3	8	-12	0	0	0	0
11476	Ubranie Zabój. Wiatru+6	2	0	2	262196	54	108	0	0	0	0	3	8	-12	0	0	0	0
11477	Ubranie Zabój. Wiatru+7	2	0	2	262452	54	114	0	0	0	0	3	8	-12	0	0	0	0
11478	Ubranie Zabój. Wiatru+8	2	0	2	262452	54	120	0	0	0	0	3	8	-12	0	0	0	0
11479	Ubranie Zabój. Wiatru+9	2	0	2	262452	54	126	0	0	0	0	3	8	-12	0	0	0	0
11480	Ubranie Fuksyjne+0	2	0	2	262196	61	81	0	0	0	0	3	8	-13	0	0	0	0
11481	Ubranie Fuksyjne+1	2	0	2	262196	61	87	0	0	0	0	3	8	-13	0	0	0	0
11482	Ubranie Fuksyjne+2	2	0	2	262196	61	93	0	0	0	0	3	8	-13	0	0	0	0
11483	Ubranie Fuksyjne+3	2	0	2	262196	61	99	0	0	0	0	3	8	-13	0	0	0	0
11484	Ubranie Fuksyjne+4	2	0	2	262196	61	105	0	0	0	0	3	8	-13	0	0	0	0
11485	Ubranie Fuksyjne+5	2	0	2	262196	61	111	0	0	0	0	3	8	-13	0	0	0	0
11486	Ubranie Fuksyjne+6	2	0	2	262196	61	117	0	0	0	0	3	8	-13	0	0	0	0
11487	Ubranie Fuksyjne+7	2	0	2	262452	61	123	0	0	0	0	3	8	-13	0	0	0	0
11488	Ubranie Fuksyjne+8	2	0	2	262452	61	129	0	0	0	0	3	8	-13	0	0	0	0
11489	Ubranie Fuksyjne+9	2	0	2	262452	61	135	0	0	0	0	3	8	-13	0	0	0	0
11490	Ubranie Czarn. Wiatru+0	2	0	2	262196	66	90	0	0	0	0	3	8	-15	37	2	0	0
11491	Ubranie Czarn. Wiatru+1	2	0	2	262196	66	96	0	0	0	0	3	8	-14	37	3	0	0
11492	Ubranie Czarn. Wiatru+2	2	0	2	262196	66	102	0	0	0	0	3	8	-13	37	4	0	0
11493	Ubranie Czarn. Wiatru+3	2	0	2	262196	67	108	0	0	0	0	3	8	-12	37	5	0	0
11494	Ubranie Czarn. Wiatru+4	2	0	2	262196	67	114	0	0	0	0	3	8	-11	37	6	0	0
11495	Ubranie Czarn. Wiatru+5	2	0	2	262196	68	120	0	0	0	0	3	8	-10	37	7	0	0
11496	Ubranie Czarn. Wiatru+6	2	0	2	262196	68	126	0	0	0	0	3	8	-9	37	9	0	0
11497	Ubranie Czarn. Wiatru+7	2	0	2	262452	69	132	0	0	0	0	3	8	-8	37	12	0	0
11498	Ubranie Czarn. Wiatru+8	2	0	2	262452	69	138	0	0	0	0	3	8	-7	37	15	0	0
11499	Ubranie Czarn. Wiatru+9	2	0	2	262452	70	144	0	0	0	0	3	8	-6	37	20	0	0
11600	Żałobna Zbr. Płyt.+0	2	0	2	262188	0	12	0	0	0	0	1	8	0	0	0	0	0
11601	Żałobna Zbr. Płyt.+1	2	0	2	262188	0	18	0	0	0	0	1	8	0	0	0	0	0
11602	Żałobna Zbr. Płyt.+2	2	0	2	262188	0	24	0	0	0	0	1	8	0	0	0	0	0
11603	Żałobna Zbr. Płyt.+3	2	0	2	262188	0	30	0	0	0	0	1	8	0	0	0	0	0
11604	Żałobna Zbr. Płyt.+4	2	0	2	262188	0	36	0	0	0	0	1	8	0	0	0	0	0
11605	Żałobna Zbr. Płyt.+5	2	0	2	262188	0	42	0	0	0	0	1	8	0	0	0	0	0
11606	Żałobna Zbr. Płyt.+6	2	0	2	262188	0	48	0	0	0	0	1	8	0	0	0	0	0
11607	Żałobna Zbr. Płyt.+7	2	0	2	262444	0	54	0	0	0	0	1	8	0	0	0	0	0
11608	Żałobna Zbr. Płyt.+8	2	0	2	262444	0	60	0	0	0	0	1	8	0	0	0	0	0
11609	Żałobna Zbr. Płyt.+9	2	0	2	262444	0	66	0	0	0	0	1	8	0	0	0	0	0
11610	Burzowa Zbroj. Płyt.+0	2	0	2	262188	9	21	0	0	0	0	1	8	-2	0	0	0	0
11611	Burzowa Zbroj. Płyt.+1	2	0	2	262188	9	27	0	0	0	0	1	8	-2	0	0	0	0
11612	Burzowa Zbroj. Płyt.+2	2	0	2	262188	9	33	0	0	0	0	1	8	-2	0	0	0	0
11613	Burzowa Zbroj. Płyt.+3	2	0	2	262188	9	39	0	0	0	0	1	8	-2	0	0	0	0
11614	Burzowa Zbroj. Płyt.+4	2	0	2	262188	9	45	0	0	0	0	1	8	-2	0	0	0	0
11615	Burzowa Zbroj. Płyt.+5	2	0	2	262188	9	51	0	0	0	0	1	8	-2	0	0	0	0
11616	Burzowa Zbroj. Płyt.+6	2	0	2	262188	9	57	0	0	0	0	1	8	-2	0	0	0	0
11617	Burzowa Zbroj. Płyt.+7	2	0	2	262444	9	63	0	0	0	0	1	8	-2	0	0	0	0
11618	Burzowa Zbroj. Płyt.+8	2	0	2	262444	9	69	0	0	0	0	1	8	-2	0	0	0	0
11619	Burzowa Zbroj. Płyt.+9	2	0	2	262444	9	75	0	0	0	0	1	8	-2	0	0	0	0
11620	Nieszczęsna Zbr. Płyt.+0	2	0	2	262188	18	29	0	0	0	0	1	8	-3	0	0	0	0
11621	Nieszczęsna Zbr. Płyt.+1	2	0	2	262188	18	35	0	0	0	0	1	8	-3	0	0	0	0
11622	Nieszczęsna Zbr. Płyt.+2	2	0	2	262188	18	41	0	0	0	0	1	8	-3	0	0	0	0
11623	Nieszczęsna Zbr. Płyt.+3	2	0	2	262188	18	47	0	0	0	0	1	8	-3	0	0	0	0
11624	Nieszczęsna Zbr. Płyt.+4	2	0	2	262188	18	53	0	0	0	0	1	8	-3	0	0	0	0
11625	Nieszczęsna Zbr. Płyt.+5	2	0	2	262188	18	59	0	0	0	0	1	8	-3	0	0	0	0
11626	Nieszczęsna Zbr. Płyt.+6	2	0	2	262188	18	65	0	0	0	0	1	8	-3	0	0	0	0
11627	Nieszczęsna Zbr. Płyt.+7	2	0	2	262444	18	71	0	0	0	0	1	8	-3	0	0	0	0
11628	Nieszczęsna Zbr. Płyt.+8	2	0	2	262444	18	77	0	0	0	0	1	8	-3	0	0	0	0
11629	Nieszczęsna Zbr. Płyt.+9	2	0	2	262444	18	83	0	0	0	0	1	8	-3	0	0	0	0
11630	Upiorna Zbroja Płyt.+0	2	0	2	262188	26	38	0	0	0	0	2	8	-5	0	0	0	0
11631	Upiorna Zbroja Płyt.+1	2	0	2	262188	26	44	0	0	0	0	2	8	-5	0	0	0	0
11632	Upiorna Zbroja Płyt.+2	2	0	2	262188	26	50	0	0	0	0	2	8	-5	0	0	0	0
11633	Upiorna Zbroja Płyt.+3	2	0	2	262188	26	56	0	0	0	0	2	8	-5	0	0	0	0
11634	Upiorna Zbroja Płyt.+4	2	0	2	262188	26	62	0	0	0	0	2	8	-5	0	0	0	0
11635	Upiorna Zbroja Płyt.+5	2	0	2	262188	26	68	0	0	0	0	2	8	-5	0	0	0	0
11636	Upiorna Zbroja Płyt.+6	2	0	2	262188	26	74	0	0	0	0	2	8	-5	0	0	0	0
11637	Upiorna Zbroja Płyt.+7	2	0	2	262444	26	80	0	0	0	0	2	8	-5	0	0	0	0
11638	Upiorna Zbroja Płyt.+8	2	0	2	262444	26	86	0	0	0	0	2	8	-5	0	0	0	0
11639	Upiorna Zbroja Płyt.+9	2	0	2	262444	26	92	0	0	0	0	2	8	-5	0	0	0	0
11640	Zbroja Płyt. Yin-Yang+0	2	0	2	262188	34	47	0	0	0	0	2	8	-7	0	0	0	0
11641	Zbroja Płyt. Yin-Yang+1	2	0	2	262188	34	53	0	0	0	0	2	8	-7	0	0	0	0
11642	Zbroja Płyt. Yin-Yang+2	2	0	2	262188	34	59	0	0	0	0	2	8	-7	0	0	0	0
11643	Zbroja Płyt. Yin-Yang+3	2	0	2	262188	34	65	0	0	0	0	2	8	-7	0	0	0	0
11644	Zbroja Płyt. Yin-Yang+4	2	0	2	262188	34	71	0	0	0	0	2	8	-7	0	0	0	0
11645	Zbroja Płyt. Yin-Yang+5	2	0	2	262188	34	77	0	0	0	0	2	8	-7	0	0	0	0
11646	Zbroja Płyt. Yin-Yang+6	2	0	2	262188	34	83	0	0	0	0	2	8	-7	0	0	0	0
11647	Zbroja Płyt. Yin-Yang+7	2	0	2	262444	34	89	0	0	0	0	2	8	-7	0	0	0	0
11648	Zbroja Płyt. Yin-Yang+8	2	0	2	262444	34	95	0	0	0	0	2	8	-7	0	0	0	0
11649	Zbroja Płyt. Yin-Yang+9	2	0	2	262444	34	101	0	0	0	0	2	8	-7	0	0	0	0
11650	Mistyczna Zbroja Płyt.+0	2	0	2	262188	42	55	0	0	0	0	2	8	-8	0	0	0	0
11651	Mistyczna Zbroja Płyt.+1	2	0	2	262188	42	61	0	0	0	0	2	8	-8	0	0	0	0
11652	Mistyczna Zbroja Płyt.+2	2	0	2	262188	42	67	0	0	0	0	2	8	-8	0	0	0	0
11653	Mistyczna Zbroja Płyt.+3	2	0	2	262188	42	73	0	0	0	0	2	8	-8	0	0	0	0
11654	Mistyczna Zbroja Płyt.+4	2	0	2	262188	42	79	0	0	0	0	2	8	-8	0	0	0	0
11655	Mistyczna Zbroja Płyt.+5	2	0	2	262188	42	85	0	0	0	0	2	8	-8	0	0	0	0
11656	Mistyczna Zbroja Płyt.+6	2	0	2	262188	42	91	0	0	0	0	2	8	-8	0	0	0	0
11657	Mistyczna Zbroja Płyt.+7	2	0	2	262444	42	97	0	0	0	0	2	8	-8	0	0	0	0
11658	Mistyczna Zbroja Płyt.+8	2	0	2	262444	42	103	0	0	0	0	2	8	-8	0	0	0	0
11659	Mistyczna Zbroja Płyt.+9	2	0	2	262444	42	109	0	0	0	0	2	8	-8	0	0	0	0
11660	Mglista Zbroja Płyt.+0	2	0	2	262188	48	64	0	0	0	0	3	8	-10	0	0	0	0
11661	Mglista Zbroja Płyt.+1	2	0	2	262188	48	70	0	0	0	0	3	8	-10	0	0	0	0
11662	Mglista Zbroja Płyt.+2	2	0	2	262188	48	76	0	0	0	0	3	8	-10	0	0	0	0
11663	Mglista Zbroja Płyt.+3	2	0	2	262188	48	82	0	0	0	0	3	8	-10	0	0	0	0
11664	Mglista Zbroja Płyt.+4	2	0	2	262188	48	88	0	0	0	0	3	8	-10	0	0	0	0
11665	Mglista Zbroja Płyt.+5	2	0	2	262188	48	94	0	0	0	0	3	8	-10	0	0	0	0
11666	Mglista Zbroja Płyt.+6	2	0	2	262188	48	100	0	0	0	0	3	8	-10	0	0	0	0
11667	Mglista Zbroja Płyt.+7	2	0	2	262444	48	106	0	0	0	0	3	8	-10	0	0	0	0
11668	Mglista Zbroja Płyt.+8	2	0	2	262444	48	112	0	0	0	0	3	8	-10	0	0	0	0
11669	Mglista Zbroja Płyt.+9	2	0	2	262444	48	118	0	0	0	0	3	8	-10	0	0	0	0
11670	Zbroja Twarzy Ducha+0	2	0	2	262188	54	72	0	0	0	0	3	8	-12	0	0	0	0
11671	Zbroja Twarzy Ducha+1	2	0	2	262188	54	78	0	0	0	0	3	8	-12	0	0	0	0
11672	Zbroja Twarzy Ducha+2	2	0	2	262188	54	84	0	0	0	0	3	8	-12	0	0	0	0
11673	Zbroja Twarzy Ducha+3	2	0	2	262188	54	90	0	0	0	0	3	8	-12	0	0	0	0
11674	Zbroja Twarzy Ducha+4	2	0	2	262188	54	96	0	0	0	0	3	8	-12	0	0	0	0
11675	Zbroja Twarzy Ducha+5	2	0	2	262188	54	102	0	0	0	0	3	8	-12	0	0	0	0
11676	Zbroja Twarzy Ducha+6	2	0	2	262188	54	108	0	0	0	0	3	8	-12	0	0	0	0
11677	Zbroja Twarzy Ducha+7	2	0	2	262444	54	114	0	0	0	0	3	8	-12	0	0	0	0
11678	Zbroja Twarzy Ducha+8	2	0	2	262444	54	120	0	0	0	0	3	8	-12	0	0	0	0
11679	Zbroja Twarzy Ducha+9	2	0	2	262444	54	126	0	0	0	0	3	8	-12	0	0	0	0
11680	Duchowa Zbroja Płyt.+0	2	0	2	262188	61	81	0	0	0	0	3	8	-13	0	0	0	0
11681	Duchowa Zbroja Płyt.+1	2	0	2	262188	61	87	0	0	0	0	3	8	-13	0	0	0	0
11682	Duchowa Zbroja Płyt.+2	2	0	2	262188	61	93	0	0	0	0	3	8	-13	0	0	0	0
11683	Duchowa Zbroja Płyt.+3	2	0	2	262188	61	99	0	0	0	0	3	8	-13	0	0	0	0
11684	Duchowa Zbroja Płyt.+4	2	0	2	262188	61	105	0	0	0	0	3	8	-13	0	0	0	0
11685	Duchowa Zbroja Płyt.+5	2	0	2	262188	61	111	0	0	0	0	3	8	-13	0	0	0	0
11686	Duchowa Zbroja Płyt.+6	2	0	2	262188	61	117	0	0	0	0	3	8	-13	0	0	0	0
11687	Duchowa Zbroja Płyt.+7	2	0	2	262444	61	123	0	0	0	0	3	8	-13	0	0	0	0
11688	Duchowa Zbroja Płyt.+8	2	0	2	262444	61	129	0	0	0	0	3	8	-13	0	0	0	0
11689	Duchowa Zbroja Płyt.+9	2	0	2	262444	61	135	0	0	0	0	3	8	-13	0	0	0	0
11690	Zbr. Płyt. Czar. Magii+0	2	0	2	262188	66	90	0	0	0	0	3	8	-15	37	2	0	0
11691	Zbr. Płyt. Czar. Magii+1	2	0	2	262188	66	96	0	0	0	0	3	8	-14	37	3	0	0
11692	Zbr. Płyt. Czar. Magii+2	2	0	2	262188	66	102	0	0	0	0	3	8	-13	37	4	0	0
11693	Zbr. Płyt. Czar. Magii+3	2	0	2	262188	67	108	0	0	0	0	3	8	-12	37	5	0	0
11694	Zbr. Płyt. Czar. Magii+4	2	0	2	262188	67	114	0	0	0	0	3	8	-11	37	6	0	0
11695	Zbr. Płyt. Czar. Magii+5	2	0	2	262188	68	120	0	0	0	0	3	8	-10	37	7	0	0
11696	Zbr. Płyt. Czar. Magii+6	2	0	2	262188	68	126	0	0	0	0	3	8	-9	37	9	0	0
11697	Zbr. Płyt. Czar. Magii+7	2	0	2	262444	69	132	0	0	0	0	3	8	-8	37	12	0	0
11698	Zbr. Płyt. Czar. Magii+8	2	0	2	262444	69	138	0	0	0	0	3	8	-7	37	15	0	0
11699	Zbr. Płyt. Czar. Magii+9	2	0	2	262444	70	144	0	0	0	0	3	8	-6	37	20	0	0
11800	Błękitna Szata+0	2	0	2	262172	0	12	0	0	0	0	1	8	0	0	0	0	0
11801	Błękitna Szata+1	2	0	2	262172	0	18	0	0	0	0	1	8	0	0	0	0	0
11802	Błękitna Szata+2	2	0	2	262172	0	24	0	0	0	0	1	8	0	0	0	0	0
11803	Błękitna Szata+3	2	0	2	262172	0	30	0	0	0	0	1	8	0	0	0	0	0
11804	Błękitna Szata+4	2	0	2	262172	0	36	0	0	0	0	1	8	0	0	0	0	0
11805	Błękitna Szata+5	2	0	2	262172	0	42	0	0	0	0	1	8	0	0	0	0	0
11806	Błękitna Szata+6	2	0	2	262172	0	48	0	0	0	0	1	8	0	0	0	0	0
11807	Błękitna Szata+7	2	0	2	262428	0	54	0	0	0	0	1	8	0	0	0	0	0
11808	Błękitna Szata+8	2	0	2	262428	0	60	0	0	0	0	1	8	0	0	0	0	0
11809	Błękitna Szata+9	2	0	2	262428	0	66	0	0	0	0	1	8	0	0	0	0	0
11810	Turkusowa Szata+0	2	0	2	262172	9	21	0	0	0	0	1	8	-2	0	0	0	0
11811	Turkusowa Szata+1	2	0	2	262172	9	27	0	0	0	0	1	8	-2	0	0	0	0
11812	Turkusowa Szata+2	2	0	2	262172	9	33	0	0	0	0	1	8	-2	0	0	0	0
11813	Turkusowa Szata+3	2	0	2	262172	9	39	0	0	0	0	1	8	-2	0	0	0	0
11814	Turkusowa Szata+4	2	0	2	262172	9	45	0	0	0	0	1	8	-2	0	0	0	0
11815	Turkusowa Szata+5	2	0	2	262172	9	51	0	0	0	0	1	8	-2	0	0	0	0
11816	Turkusowa Szata+6	2	0	2	262172	9	57	0	0	0	0	1	8	-2	0	0	0	0
11817	Turkusowa Szata+7	2	0	2	262428	9	63	0	0	0	0	1	8	-2	0	0	0	0
11818	Turkusowa Szata+8	2	0	2	262428	9	69	0	0	0	0	1	8	-2	0	0	0	0
11819	Turkusowa Szata+9	2	0	2	262428	9	75	0	0	0	0	1	8	-2	0	0	0	0
11820	Różowa Szata+0	2	0	2	262172	18	29	0	0	0	0	1	8	-3	0	0	0	0
11821	Różowa Szata+1	2	0	2	262172	18	35	0	0	0	0	1	8	-3	0	0	0	0
11822	Różowa Szata+2	2	0	2	262172	18	41	0	0	0	0	1	8	-3	0	0	0	0
11823	Różowa Szata+3	2	0	2	262172	18	47	0	0	0	0	1	8	-3	0	0	0	0
11824	Różowa Szata+4	2	0	2	262172	18	53	0	0	0	0	1	8	-3	0	0	0	0
11825	Różowa Szata+5	2	0	2	262172	18	59	0	0	0	0	1	8	-3	0	0	0	0
11826	Różowa Szata+6	2	0	2	262172	18	65	0	0	0	0	1	8	-3	0	0	0	0
11827	Różowa Szata+7	2	0	2	262428	18	71	0	0	0	0	1	8	-3	0	0	0	0
11828	Różowa Szata+8	2	0	2	262428	18	77	0	0	0	0	1	8	-3	0	0	0	0
11829	Różowa Szata+9	2	0	2	262428	18	83	0	0	0	0	1	8	-3	0	0	0	0
11830	Miłosna Szata+0	2	0	2	262172	26	38	0	0	0	0	2	8	-5	0	0	0	0
11831	Miłosna Szata+1	2	0	2	262172	26	44	0	0	0	0	2	8	-5	0	0	0	0
11832	Miłosna Szata+2	2	0	2	262172	26	50	0	0	0	0	2	8	-5	0	0	0	0
11833	Miłosna Szata+3	2	0	2	262172	26	56	0	0	0	0	2	8	-5	0	0	0	0
11834	Miłosna Szata+4	2	0	2	262172	26	62	0	0	0	0	2	8	-5	0	0	0	0
11835	Miłosna Szata+5	2	0	2	262172	26	68	0	0	0	0	2	8	-5	0	0	0	0
11836	Miłosna Szata+6	2	0	2	262172	26	74	0	0	0	0	2	8	-5	0	0	0	0
11837	Miłosna Szata+7	2	0	2	262428	26	80	0	0	0	0	2	8	-5	0	0	0	0
11838	Miłosna Szata+8	2	0	2	262428	26	86	0	0	0	0	2	8	-5	0	0	0	0
11839	Miłosna Szata+9	2	0	2	262428	26	92	0	0	0	0	2	8	-5	0	0	0	0
11840	Szata Zach. Nieba+0	2	0	2	262172	34	47	0	0	0	0	2	8	-7	0	0	0	0
11841	Szata Zach. Nieba+1	2	0	2	262172	34	53	0	0	0	0	2	8	-7	0	0	0	0
11842	Szata Zach. Nieba+2	2	0	2	262172	34	59	0	0	0	0	2	8	-7	0	0	0	0
11843	Szata Zach. Nieba+3	2	0	2	262172	34	65	0	0	0	0	2	8	-7	0	0	0	0
11844	Szata Zach. Nieba+4	2	0	2	262172	34	71	0	0	0	0	2	8	-7	0	0	0	0
11845	Szata Zach. Nieba+5	2	0	2	262172	34	77	0	0	0	0	2	8	-7	0	0	0	0
11846	Szata Zach. Nieba+6	2	0	2	262172	34	83	0	0	0	0	2	8	-7	0	0	0	0
11847	Szata Zach. Nieba+7	2	0	2	262428	34	89	0	0	0	0	2	8	-7	0	0	0	0
11848	Szata Zach. Nieba+8	2	0	2	262428	34	95	0	0	0	0	2	8	-7	0	0	0	0
11849	Szata Zach. Nieba+9	2	0	2	262428	34	101	0	0	0	0	2	8	-7	0	0	0	0
11850	Szata Słońca+0	2	0	2	262172	42	55	0	0	0	0	2	8	-8	0	0	0	0
11851	Szata Słońca+1	2	0	2	262172	42	61	0	0	0	0	2	8	-8	0	0	0	0
11852	Szata Słońca+2	2	0	2	262172	42	67	0	0	0	0	2	8	-8	0	0	0	0
11853	Szata Słońca+3	2	0	2	262172	42	73	0	0	0	0	2	8	-8	0	0	0	0
11854	Szata Słońca+4	2	0	2	262172	42	79	0	0	0	0	2	8	-8	0	0	0	0
11855	Szata Słońca+5	2	0	2	262172	42	85	0	0	0	0	2	8	-8	0	0	0	0
11856	Szata Słońca+6	2	0	2	262172	42	91	0	0	0	0	2	8	-8	0	0	0	0
11857	Szata Słońca+7	2	0	2	262428	42	97	0	0	0	0	2	8	-8	0	0	0	0
11858	Szata Słońca+8	2	0	2	262428	42	103	0	0	0	0	2	8	-8	0	0	0	0
11859	Szata Słońca+9	2	0	2	262428	42	109	0	0	0	0	2	8	-8	0	0	0	0
11860	Szata Moralności+0	2	0	2	262172	48	64	0	0	0	0	3	8	-10	0	0	0	0
11861	Szata Moralności+1	2	0	2	262172	48	70	0	0	0	0	3	8	-10	0	0	0	0
11862	Szata Moralności+2	2	0	2	262172	48	76	0	0	0	0	3	8	-10	0	0	0	0
11863	Szata Moralności+3	2	0	2	262172	48	82	0	0	0	0	3	8	-10	0	0	0	0
11864	Szata Moralności+4	2	0	2	262172	48	88	0	0	0	0	3	8	-10	0	0	0	0
11865	Szata Moralności+5	2	0	2	262172	48	94	0	0	0	0	3	8	-10	0	0	0	0
11866	Szata Moralności+6	2	0	2	262172	48	100	0	0	0	0	3	8	-10	0	0	0	0
11867	Szata Moralności+7	2	0	2	262428	48	106	0	0	0	0	3	8	-10	0	0	0	0
11868	Szata Moralności+8	2	0	2	262428	48	112	0	0	0	0	3	8	-10	0	0	0	0
11869	Szata Moralności+9	2	0	2	262428	48	118	0	0	0	0	3	8	-10	0	0	0	0
11870	Szata Pomarań. Kota+0	2	0	2	262172	54	72	0	0	0	0	3	8	-12	0	0	0	0
11871	Szata Pomarań. Kota+1	2	0	2	262172	54	78	0	0	0	0	3	8	-12	0	0	0	0
11872	Szata Pomarań. Kota+2	2	0	2	262172	54	84	0	0	0	0	3	8	-12	0	0	0	0
11873	Szata Pomarań. Kota+3	2	0	2	262172	54	90	0	0	0	0	3	8	-12	0	0	0	0
11874	Szata Pomarań. Kota+4	2	0	2	262172	54	96	0	0	0	0	3	8	-12	0	0	0	0
11875	Szata Pomarań. Kota+5	2	0	2	262172	54	102	0	0	0	0	3	8	-12	0	0	0	0
11876	Szata Pomarań. Kota+6	2	0	2	262172	54	108	0	0	0	0	3	8	-12	0	0	0	0
11877	Szata Pomarań. Kota+7	2	0	2	262428	54	114	0	0	0	0	3	8	-12	0	0	0	0
11878	Szata Pomarań. Kota+8	2	0	2	262428	54	120	0	0	0	0	3	8	-12	0	0	0	0
11879	Szata Pomarań. Kota+9	2	0	2	262428	54	126	0	0	0	0	3	8	-12	0	0	0	0
11880	Szata Baronów+0	2	0	2	262172	61	81	0	0	0	0	3	8	-13	0	0	0	0
11881	Szata Baronów+1	2	0	2	262172	61	87	0	0	0	0	3	8	-13	0	0	0	0
11882	Szata Baronów+2	2	0	2	262172	61	93	0	0	0	0	3	8	-13	0	0	0	0
11883	Szata Baronów+3	2	0	2	262172	61	99	0	0	0	0	3	8	-13	0	0	0	0
11884	Szata Baronów+4	2	0	2	262172	61	105	0	0	0	0	3	8	-13	0	0	0	0
11885	Szata Baronów+5	2	0	2	262172	61	111	0	0	0	0	3	8	-13	0	0	0	0
11886	Szata Baronów+6	2	0	2	262172	61	117	0	0	0	0	3	8	-13	0	0	0	0
11887	Szata Baronów+7	2	0	2	262428	61	123	0	0	0	0	3	8	-13	0	0	0	0
11888	Szata Baronów+8	2	0	2	262428	61	129	0	0	0	0	3	8	-13	0	0	0	0
11889	Szata Baronów+9	2	0	2	262428	61	135	0	0	0	0	3	8	-13	0	0	0	0
11890	Czarna Szata+0	2	0	2	262172	66	90	0	0	0	0	3	8	-15	37	2	0	0
11891	Czarna Szata+1	2	0	2	262172	66	96	0	0	0	0	3	8	-14	37	3	0	0
11892	Czarna Szata+2	2	0	2	262172	66	102	0	0	0	0	3	8	-13	37	4	0	0
11893	Czarna Szata+3	2	0	2	262172	67	108	0	0	0	0	3	8	-12	37	5	0	0
11894	Czarna Szata+4	2	0	2	262172	67	114	0	0	0	0	3	8	-11	37	6	0	0
11895	Czarna Szata+5	2	0	2	262172	68	120	0	0	0	0	3	8	-10	37	7	0	0
11896	Czarna Szata+6	2	0	2	262172	68	126	0	0	0	0	3	8	-9	37	9	0	0
11897	Czarna Szata+7	2	0	2	262428	69	132	0	0	0	0	3	8	-8	37	12	0	0
11898	Czarna Szata+8	2	0	2	262428	69	138	0	0	0	0	3	8	-7	37	15	0	0
11899	Czarna Szata+9	2	0	2	262428	70	144	0	0	0	0	3	8	-6	37	20	0	0
11991	Smoking	2	0	2	257	25	135	0	0	0	0	0	8	0	0	0	0	0
11992	Smoking	2	0	2	257	25	135	0	0	0	0	0	8	0	0	0	0	0
11993	Suknia Ślubna	2	0	2	258	25	135	0	0	0	0	0	8	0	0	0	0	0
11994	Suknia Ślubna	2	0	2	258	25	135	0	0	0	0	0	8	0	0	0	0	0
12200	Tradycyjny Hełm+0	2	1	1	262200	0	5	0	0	0	0	0	0	0	0	0	0	0
12201	Tradycyjny Hełm+1	2	1	1	262200	0	7	0	0	0	0	0	0	0	0	0	0	0
12202	Tradycyjny Hełm+2	2	1	1	262200	0	9	0	0	0	0	0	0	0	0	0	0	0
12203	Tradycyjny Hełm+3	2	1	1	262200	0	11	0	0	0	0	0	0	0	0	0	0	0
12204	Tradycyjny Hełm+4	2	1	1	262200	0	13	0	0	0	0	0	0	0	0	0	0	0
12205	Tradycyjny Hełm+5	2	1	1	262200	0	15	0	0	0	0	0	0	0	0	0	0	0
12206	Tradycyjny Hełm+6	2	1	1	262200	0	17	0	0	0	0	0	0	0	0	0	0	0
12207	Tradycyjny Hełm+7	2	1	1	262456	0	19	0	0	0	0	0	0	0	0	0	0	0
12208	Tradycyjny Hełm+8	2	1	1	262456	0	21	0	0	0	0	0	0	0	0	0	0	0
12209	Tradycyjny Hełm+9	2	1	1	262456	0	23	0	0	0	0	0	0	0	0	0	0	0
12220	Żelazny Hełm+0	2	1	1	262200	21	9	0	0	0	0	0	0	0	0	0	0	0
12221	Żelazny Hełm+1	2	1	1	262200	21	11	0	0	0	0	0	0	0	0	0	0	0
12222	Żelazny Hełm+2	2	1	1	262200	21	13	0	0	0	0	0	0	0	0	0	0	0
12223	Żelazny Hełm+3	2	1	1	262200	21	15	0	0	0	0	0	0	0	0	0	0	0
12224	Żelazny Hełm+4	2	1	1	262200	21	17	0	0	0	0	0	0	0	0	0	0	0
12225	Żelazny Hełm+5	2	1	1	262200	21	21	0	0	0	0	0	0	0	0	0	0	0
12226	Żelazny Hełm+6	2	1	1	262200	21	25	0	0	0	0	0	0	0	0	0	0	0
12227	Żelazny Hełm+7	2	1	1	262456	21	29	0	0	0	0	0	0	0	0	0	0	0
12228	Żelazny Hełm+8	2	1	1	262456	21	33	0	0	0	0	0	0	0	0	0	0	0
12229	Żelazny Hełm+9	2	1	1	262456	21	37	0	0	0	0	0	0	0	0	0	0	0
12240	Upiorna Maska+0	2	1	1	262200	41	13	0	0	0	0	0	0	0	0	0	0	0
12241	Upiorna Maska+1	2	1	1	262200	41	15	0	0	0	0	0	0	0	0	0	0	0
12242	Upiorna Maska+2	2	1	1	262200	41	17	0	0	0	0	0	0	0	0	0	0	0
12243	Upiorna Maska+3	2	1	1	262200	41	19	0	0	0	0	0	0	0	0	0	0	0
12244	Upiorna Maska+4	2	1	1	262200	41	21	0	0	0	0	0	0	0	0	0	0	0
12245	Upiorna Maska+5	2	1	1	262200	41	26	0	0	0	0	0	0	0	0	0	0	0
12246	Upiorna Maska+6	2	1	1	262200	41	31	0	0	0	0	0	0	0	0	0	0	0
12247	Upiorna Maska+7	2	1	1	262456	41	36	0	0	0	0	0	0	0	0	0	0	0
12248	Upiorna Maska+8	2	1	1	262456	41	41	0	0	0	0	0	0	0	0	0	0	0
12249	Upiorna Maska+9	2	1	1	262456	41	46	0	0	0	0	0	0	0	0	0	0	0
12260	Maska Strachu+0	2	1	1	262200	60	15	0	0	0	0	0	27	1	0	0	0	0
12261	Maska Strachu+1	2	1	1	262200	60	17	0	0	0	0	0	27	2	0	0	0	0
12262	Maska Strachu+2	2	1	1	262200	60	19	0	0	0	0	0	27	3	0	0	0	0
12263	Maska Strachu+3	2	1	1	262200	60	21	0	0	0	0	0	27	4	0	0	0	0
12264	Maska Strachu+4	2	1	1	262200	60	26	0	0	0	0	0	27	5	0	0	0	0
12265	Maska Strachu+5	2	1	1	262200	60	31	0	0	0	0	0	27	6	0	0	0	0
12266	Maska Strachu+6	2	1	1	262200	60	36	0	0	0	0	0	27	7	0	0	0	0
12267	Maska Strachu+7	2	1	1	262456	60	41	0	0	0	0	0	27	8	0	0	0	0
12268	Maska Strachu+8	2	1	1	262456	60	46	0	0	0	0	0	27	9	0	0	0	0
12269	Maska Strachu+9	2	1	1	262456	60	51	0	0	0	0	0	27	10	0	0	0	0
12340	Skórzana Maska+0	2	1	1	262196	0	5	0	0	0	0	0	0	0	0	0	0	0
12341	Skórzana Maska+1	2	1	1	262196	0	7	0	0	0	0	0	0	0	0	0	0	0
12342	Skórzana Maska+2	2	1	1	262196	0	9	0	0	0	0	0	0	0	0	0	0	0
12343	Skórzana Maska+3	2	1	1	262196	0	11	0	0	0	0	0	0	0	0	0	0	0
12344	Skórzana Maska+4	2	1	1	262196	0	13	0	0	0	0	0	0	0	0	0	0	0
12345	Skórzana Maska+5	2	1	1	262196	0	15	0	0	0	0	0	0	0	0	0	0	0
12346	Skórzana Maska+6	2	1	1	262196	0	17	0	0	0	0	0	0	0	0	0	0	0
12347	Skórzana Maska+7	2	1	1	262452	0	19	0	0	0	0	0	0	0	0	0	0	0
12348	Skórzana Maska+8	2	1	1	262452	0	21	0	0	0	0	0	0	0	0	0	0	0
12349	Skórzana Maska+9	2	1	1	262452	0	23	0	0	0	0	0	0	0	0	0	0	0
12360	Maska Kolcza+0	2	1	1	262196	21	9	0	0	0	0	0	0	0	0	0	0	0
12361	Maska Kolcza+1	2	1	1	262196	21	11	0	0	0	0	0	0	0	0	0	0	0
12362	Maska Kolcza+2	2	1	1	262196	21	13	0	0	0	0	0	0	0	0	0	0	0
12363	Maska Kolcza+3	2	1	1	262196	21	15	0	0	0	0	0	0	0	0	0	0	0
12364	Maska Kolcza+4	2	1	1	262196	21	17	0	0	0	0	0	0	0	0	0	0	0
12365	Maska Kolcza+5	2	1	1	262196	21	21	0	0	0	0	0	0	0	0	0	0	0
12366	Maska Kolcza+6	2	1	1	262196	21	25	0	0	0	0	0	0	0	0	0	0	0
12367	Maska Kolcza+7	2	1	1	262452	21	29	0	0	0	0	0	0	0	0	0	0	0
12368	Maska Kolcza+8	2	1	1	262452	21	33	0	0	0	0	0	0	0	0	0	0	0
12369	Maska Kolcza+9	2	1	1	262452	21	37	0	0	0	0	0	0	0	0	0	0	0
12380	Stalowa Maska+0	2	1	1	262196	41	13	0	0	0	0	0	0	0	0	0	0	0
12381	Stalowa Maska+1	2	1	1	262196	41	15	0	0	0	0	0	0	0	0	0	0	0
12382	Stalowa Maska+2	2	1	1	262196	41	17	0	0	0	0	0	0	0	0	0	0	0
12383	Stalowa Maska+3	2	1	1	262196	41	19	0	0	0	0	0	0	0	0	0	0	0
12384	Stalowa Maska+4	2	1	1	262196	41	21	0	0	0	0	0	0	0	0	0	0	0
12385	Stalowa Maska+5	2	1	1	262196	41	26	0	0	0	0	0	0	0	0	0	0	0
12386	Stalowa Maska+6	2	1	1	262196	41	31	0	0	0	0	0	0	0	0	0	0	0
12387	Stalowa Maska+7	2	1	1	262452	41	36	0	0	0	0	0	0	0	0	0	0	0
12388	Stalowa Maska+8	2	1	1	262452	41	41	0	0	0	0	0	0	0	0	0	0	0
12389	Stalowa Maska+9	2	1	1	262452	41	46	0	0	0	0	0	0	0	0	0	0	0
12390	Orkowy Kaptur+0	2	1	1	262196	60	15	0	0	0	0	0	27	1	0	0	0	0
12391	Orkowy Kaptur+1	2	1	1	262196	60	17	0	0	0	0	0	27	2	0	0	0	0
12392	Orkowy Kaptur+2	2	1	1	262196	60	19	0	0	0	0	0	27	3	0	0	0	0
12393	Orkowy Kaptur+3	2	1	1	262196	60	21	0	0	0	0	0	27	4	0	0	0	0
12394	Orkowy Kaptur+4	2	1	1	262196	60	26	0	0	0	0	0	27	5	0	0	0	0
12395	Orkowy Kaptur+5	2	1	1	262196	60	31	0	0	0	0	0	27	6	0	0	0	0
12396	Orkowy Kaptur+6	2	1	1	262196	60	36	0	0	0	0	0	27	7	0	0	0	0
12397	Orkowy Kaptur+7	2	1	1	262452	60	41	0	0	0	0	0	27	8	0	0	0	0
12398	Orkowy Kaptur+8	2	1	1	262452	60	46	0	0	0	0	0	27	9	0	0	0	0
12399	Orkowy Kaptur+9	2	1	1	262452	60	51	0	0	0	0	0	27	10	0	0	0	0
12480	Krwawy Hełm+0	2	1	1	262188	0	5	0	0	0	0	0	0	0	0	0	0	0
12481	Krwawy Hełm+1	2	1	1	262188	0	7	0	0	0	0	0	0	0	0	0	0	0
12482	Krwawy Hełm+2	2	1	1	262188	0	9	0	0	0	0	0	0	0	0	0	0	0
12483	Krwawy Hełm+3	2	1	1	262188	0	11	0	0	0	0	0	0	0	0	0	0	0
12484	Krwawy Hełm+4	2	1	1	262188	0	13	0	0	0	0	0	0	0	0	0	0	0
12485	Krwawy Hełm+5	2	1	1	262188	0	15	0	0	0	0	0	0	0	0	0	0	0
12486	Krwawy Hełm+6	2	1	1	262188	0	17	0	0	0	0	0	0	0	0	0	0	0
12487	Krwawy Hełm+7	2	1	1	262444	0	19	0	0	0	0	0	0	0	0	0	0	0
12488	Krwawy Hełm+8	2	1	1	262444	0	21	0	0	0	0	0	0	0	0	0	0	0
12489	Krwawy Hełm+9	2	1	1	262444	0	23	0	0	0	0	0	0	0	0	0	0	0
12500	Wyzywający Hełm+0	2	1	1	262188	21	9	0	0	0	0	0	0	0	0	0	0	0
12501	Wyzywający Hełm+1	2	1	1	262188	21	11	0	0	0	0	0	0	0	0	0	0	0
12502	Wyzywający Hełm+2	2	1	1	262188	21	13	0	0	0	0	0	0	0	0	0	0	0
12503	Wyzywający Hełm+3	2	1	1	262188	21	15	0	0	0	0	0	0	0	0	0	0	0
12504	Wyzywający Hełm+4	2	1	1	262188	21	17	0	0	0	0	0	0	0	0	0	0	0
12505	Wyzywający Hełm+5	2	1	1	262188	21	21	0	0	0	0	0	0	0	0	0	0	0
12506	Wyzywający Hełm+6	2	1	1	262188	21	25	0	0	0	0	0	0	0	0	0	0	0
12507	Wyzywający Hełm+7	2	1	1	262444	21	29	0	0	0	0	0	0	0	0	0	0	0
12508	Wyzywający Hełm+8	2	1	1	262444	21	33	0	0	0	0	0	0	0	0	0	0	0
12509	Wyzywający Hełm+9	2	1	1	262444	21	37	0	0	0	0	0	0	0	0	0	0	0
12520	Zamkowy Hełm+0	2	1	1	262188	41	13	0	0	0	0	0	0	0	0	0	0	0
12521	Zamkowy Hełm+1	2	1	1	262188	41	15	0	0	0	0	0	0	0	0	0	0	0
12522	Zamkowy Hełm+2	2	1	1	262188	41	17	0	0	0	0	0	0	0	0	0	0	0
12523	Zamkowy Hełm+3	2	1	1	262188	41	19	0	0	0	0	0	0	0	0	0	0	0
12524	Zamkowy Hełm+4	2	1	1	262188	41	21	0	0	0	0	0	0	0	0	0	0	0
12525	Zamkowy Hełm+5	2	1	1	262188	41	26	0	0	0	0	0	0	0	0	0	0	0
12526	Zamkowy Hełm+6	2	1	1	262188	41	31	0	0	0	0	0	0	0	0	0	0	0
12527	Zamkowy Hełm+7	2	1	1	262444	41	36	0	0	0	0	0	0	0	0	0	0	0
12528	Zamkowy Hełm+8	2	1	1	262444	41	41	0	0	0	0	0	0	0	0	0	0	0
12529	Zamkowy Hełm+9	2	1	1	262444	41	46	0	0	0	0	0	0	0	0	0	0	0
12530	Rogowy Hełm+0	2	1	1	262188	60	15	0	0	0	0	0	27	1	0	0	0	0
12531	Rogowy Hełm+1	2	1	1	262188	60	17	0	0	0	0	0	27	2	0	0	0	0
12532	Rogowy Hełm+2	2	1	1	262188	60	19	0	0	0	0	0	27	3	0	0	0	0
12533	Rogowy Hełm+3	2	1	1	262188	60	21	0	0	0	0	0	27	4	0	0	0	0
12534	Rogowy Hełm+4	2	1	1	262188	60	26	0	0	0	0	0	27	5	0	0	0	0
12535	Rogowy Hełm+5	2	1	1	262188	60	31	0	0	0	0	0	27	6	0	0	0	0
12536	Rogowy Hełm+6	2	1	1	262188	60	36	0	0	0	0	0	27	7	0	0	0	0
12537	Rogowy Hełm+7	2	1	1	262444	60	41	0	0	0	0	0	27	8	0	0	0	0
12538	Rogowy Hełm+8	2	1	1	262444	60	46	0	0	0	0	0	27	9	0	0	0	0
12539	Rogowy Hełm+9	2	1	1	262444	60	51	0	0	0	0	0	27	10	0	0	0	0
12620	Czapka Mnicha+0	2	1	1	262172	0	5	0	0	0	0	0	0	0	0	0	0	0
12621	Czapka Mnicha+1	2	1	1	262172	0	7	0	0	0	0	0	0	0	0	0	0	0
12622	Czapka Mnicha+2	2	1	1	262172	0	9	0	0	0	0	0	0	0	0	0	0	0
12623	Czapka Mnicha+3	2	1	1	262172	0	11	0	0	0	0	0	0	0	0	0	0	0
12624	Czapka Mnicha+4	2	1	1	262172	0	13	0	0	0	0	0	0	0	0	0	0	0
12625	Czapka Mnicha+5	2	1	1	262172	0	15	0	0	0	0	0	0	0	0	0	0	0
12626	Czapka Mnicha+6	2	1	1	262172	0	17	0	0	0	0	0	0	0	0	0	0	0
12627	Czapka Mnicha+7	2	1	1	262428	0	19	0	0	0	0	0	0	0	0	0	0	0
12628	Czapka Mnicha+8	2	1	1	262428	0	21	0	0	0	0	0	0	0	0	0	0	0
12629	Czapka Mnicha+9	2	1	1	262428	0	23	0	0	0	0	0	0	0	0	0	0	0
12640	Czapka Feniksa+0	2	1	1	262172	21	9	0	0	0	0	0	0	0	0	0	0	0
12641	Czapka Feniksa+1	2	1	1	262172	21	11	0	0	0	0	0	0	0	0	0	0	0
12642	Czapka Feniksa+2	2	1	1	262172	21	13	0	0	0	0	0	0	0	0	0	0	0
12643	Czapka Feniksa+3	2	1	1	262172	21	15	0	0	0	0	0	0	0	0	0	0	0
12644	Czapka Feniksa+4	2	1	1	262172	21	17	0	0	0	0	0	0	0	0	0	0	0
12645	Czapka Feniksa+5	2	1	1	262172	21	21	0	0	0	0	0	0	0	0	0	0	0
12646	Czapka Feniksa+6	2	1	1	262172	21	25	0	0	0	0	0	0	0	0	0	0	0
12647	Czapka Feniksa+7	2	1	1	262428	21	29	0	0	0	0	0	0	0	0	0	0	0
12648	Czapka Feniksa+8	2	1	1	262428	21	33	0	0	0	0	0	0	0	0	0	0	0
12649	Czapka Feniksa+9	2	1	1	262428	21	37	0	0	0	0	0	0	0	0	0	0	0
12660	Świetlista Czapka+0	2	1	1	262172	41	13	0	0	0	0	0	0	0	0	0	0	0
12661	Świetlista Czapka+1	2	1	1	262172	41	15	0	0	0	0	0	0	0	0	0	0	0
12662	Świetlista Czapka+2	2	1	1	262172	41	17	0	0	0	0	0	0	0	0	0	0	0
12663	Świetlista Czapka+3	2	1	1	262172	41	19	0	0	0	0	0	0	0	0	0	0	0
12664	Świetlista Czapka+4	2	1	1	262172	41	21	0	0	0	0	0	0	0	0	0	0	0
12665	Świetlista Czapka+5	2	1	1	262172	41	26	0	0	0	0	0	0	0	0	0	0	0
12666	Świetlista Czapka+6	2	1	1	262172	41	31	0	0	0	0	0	0	0	0	0	0	0
12667	Świetlista Czapka+7	2	1	1	262428	41	36	0	0	0	0	0	0	0	0	0	0	0
12668	Świetlista Czapka+8	2	1	1	262428	41	41	0	0	0	0	0	0	0	0	0	0	0
12669	Świetlista Czapka+9	2	1	1	262428	41	46	0	0	0	0	0	0	0	0	0	0	0
12670	Kapelusz Kardynała+0	2	1	1	262172	60	15	0	0	0	0	0	27	1	0	0	0	0
12671	Kapelusz Kardynała+1	2	1	1	262172	60	17	0	0	0	0	0	27	2	0	0	0	0
12672	Kapelusz Kardynała+2	2	1	1	262172	60	19	0	0	0	0	0	27	3	0	0	0	0
12673	Kapelusz Kardynała+3	2	1	1	262172	60	21	0	0	0	0	0	27	4	0	0	0	0
12674	Kapelusz Kardynała+4	2	1	1	262172	60	26	0	0	0	0	0	27	5	0	0	0	0
12675	Kapelusz Kardynała+5	2	1	1	262172	60	31	0	0	0	0	0	27	6	0	0	0	0
12676	Kapelusz Kardynała+6	2	1	1	262172	60	36	0	0	0	0	0	27	7	0	0	0	0
12677	Kapelusz Kardynała+7	2	1	1	262428	60	41	0	0	0	0	0	27	8	0	0	0	0
12678	Kapelusz Kardynała+8	2	1	1	262428	60	46	0	0	0	0	0	27	9	0	0	0	0
12679	Kapelusz Kardynała+9	2	1	1	262428	60	51	0	0	0	0	0	27	10	0	0	0	0
13000	Bojowa Tarcza+0	2	2	1	0	0	3	0	0	0	0	0	8	-2	0	0	0	0
13001	Bojowa Tarcza+1	2	2	1	0	0	6	0	0	0	0	0	8	-2	0	0	0	0
13002	Bojowa Tarcza+2	2	2	1	0	0	9	0	0	0	0	0	8	-2	0	0	0	0
13003	Bojowa Tarcza+3	2	2	1	0	0	12	0	0	0	0	0	8	-2	0	0	0	0
13004	Bojowa Tarcza+4	2	2	1	0	0	15	0	0	0	0	0	8	-2	0	0	0	0
13005	Bojowa Tarcza+5	2	2	1	0	0	18	0	0	0	0	0	8	-2	0	0	0	0
13006	Bojowa Tarcza+6	2	2	1	0	0	21	0	0	0	0	0	8	-2	0	0	0	0
13007	Bojowa Tarcza+7	2	2	1	256	0	24	0	0	0	0	0	8	-2	0	0	0	0
13008	Bojowa Tarcza+8	2	2	1	256	0	27	0	0	0	0	0	8	-2	0	0	0	0
13009	Bojowa Tarcza+9	2	2	1	256	0	30	0	0	0	0	0	8	-2	0	0	0	0
13020	Pięciokątna Tarcza+0	2	2	1	0	21	4	0	0	0	0	0	8	-6	0	0	0	0
13021	Pięciokątna Tarcza+1	2	2	1	0	21	7	0	0	0	0	0	8	-6	0	0	0	0
13022	Pięciokątna Tarcza+2	2	2	1	0	21	11	0	0	0	0	0	8	-6	0	0	0	0
13023	Pięciokątna Tarcza+3	2	2	1	0	21	15	0	0	0	0	0	8	-6	0	0	0	0
13024	Pięciokątna Tarcza+4	2	2	1	0	21	19	0	0	0	0	0	8	-6	0	0	0	0
13025	Pięciokątna Tarcza+5	2	2	1	0	21	23	0	0	0	0	0	8	-6	0	0	0	0
13026	Pięciokątna Tarcza+6	2	2	1	0	21	27	0	0	0	0	0	8	-6	0	0	0	0
13027	Pięciokątna Tarcza+7	2	2	1	256	21	31	0	0	0	0	0	8	-6	0	0	0	0
13028	Pięciokątna Tarcza+8	2	2	1	256	21	35	0	0	0	0	0	8	-6	0	0	0	0
13029	Pięciokątna Tarcza+9	2	2	1	256	21	39	0	0	0	0	0	8	-6	0	0	0	0
13040	Czarna Okrągła Tarcza+0	2	2	1	0	41	7	0	0	0	0	0	8	-10	0	0	0	0
13041	Czarna Okrągła Tarcza+1	2	2	1	0	41	12	0	0	0	0	0	8	-10	0	0	0	0
13042	Czarna Okrągła Tarcza+2	2	2	1	0	41	17	0	0	0	0	0	8	-10	0	0	0	0
13043	Czarna Okrągła Tarcza+3	2	2	1	0	41	22	0	0	0	0	0	8	-10	0	0	0	0
13044	Czarna Okrągła Tarcza+4	2	2	1	0	41	27	0	0	0	0	0	8	-10	0	0	0	0
13045	Czarna Okrągła Tarcza+5	2	2	1	0	41	32	0	0	0	0	0	8	-10	0	0	0	0
13046	Czarna Okrągła Tarcza+6	2	2	1	0	41	37	0	0	0	0	0	8	-10	0	0	0	0
13047	Czarna Okrągła Tarcza+7	2	2	1	256	41	42	0	0	0	0	0	8	-10	0	0	0	0
13048	Czarna Okrągła Tarcza+8	2	2	1	256	41	47	0	0	0	0	0	8	-10	0	0	0	0
13049	Czarna Okrągła Tarcza+9	2	2	1	256	41	52	0	0	0	0	0	8	-10	0	0	0	0
13060	Sokola Tarcza+0	2	2	1	0	61	7	0	0	0	0	0	8	-6	78	1	0	0
13061	Sokola Tarcza+1	2	2	1	0	61	9	0	0	0	0	0	8	-6	78	2	0	0
13062	Sokola Tarcza+2	2	2	1	0	61	12	0	0	0	0	0	8	-6	78	3	0	0
13063	Sokola Tarcza+3	2	2	1	0	61	16	0	0	0	0	0	8	-6	78	4	0	0
13064	Sokola Tarcza+4	2	2	1	0	61	21	0	0	0	0	0	8	-6	78	5	0	0
13065	Sokola Tarcza+5	2	2	1	0	61	27	0	0	0	0	0	8	-6	78	7	0	0
13066	Sokola Tarcza+6	2	2	1	0	61	36	0	0	0	0	0	8	-6	78	9	0	0
13067	Sokola Tarcza+7	2	2	1	256	61	47	0	0	0	0	0	8	-6	78	12	0	0
13068	Sokola Tarcza+8	2	2	1	256	61	61	0	0	0	0	0	8	-6	78	15	0	0
13069	Sokola Tarcza+9	2	2	1	256	61	80	0	0	0	0	0	8	-6	78	20	0	0
13080	Tarcza Tygrysa+0	2	2	1	0	61	7	0	0	0	0	0	8	-6	79	1	0	0
13081	Tarcza Tygrysa+1	2	2	1	0	61	9	0	0	0	0	0	8	-6	79	2	0	0
13082	Tarcza Tygrysa+2	2	2	1	0	61	12	0	0	0	0	0	8	-6	79	3	0	0
13083	Tarcza Tygrysa+3	2	2	1	0	61	16	0	0	0	0	0	8	-6	79	4	0	0
13084	Tarcza Tygrysa+4	2	2	1	0	61	21	0	0	0	0	0	8	-6	79	5	0	0
13085	Tarcza Tygrysa+5	2	2	1	0	61	27	0	0	0	0	0	8	-6	79	7	0	0
13086	Tarcza Tygrysa+6	2	2	1	0	61	36	0	0	0	0	0	8	-6	79	9	0	0
13087	Tarcza Tygrysa+7	2	2	1	256	61	47	0	0	0	0	0	8	-6	79	12	0	0
13088	Tarcza Tygrysa+8	2	2	1	256	61	61	0	0	0	0	0	8	-6	79	15	0	0
13089	Tarcza Tygrysa+9	2	2	1	256	61	80	0	0	0	0	0	8	-6	79	20	0	0
13100	Lwia Tarcza+0	2	2	1	0	61	7	0	0	0	0	0	8	-6	80	1	0	0
13101	Lwia Tarcza+1	2	2	1	0	61	9	0	0	0	0	0	8	-6	80	2	0	0
13102	Lwia Tarcza+2	2	2	1	0	61	12	0	0	0	0	0	8	-6	80	3	0	0
13103	Lwia Tarcza+3	2	2	1	0	61	16	0	0	0	0	0	8	-6	80	4	0	0
13104	Lwia Tarcza+4	2	2	1	0	61	21	0	0	0	0	0	8	-6	80	5	0	0
13105	Lwia Tarcza+5	2	2	1	0	61	27	0	0	0	0	0	8	-6	80	7	0	0
13106	Lwia Tarcza+6	2	2	1	0	61	36	0	0	0	0	0	8	-6	80	9	0	0
13107	Lwia Tarcza+7	2	2	1	256	61	47	0	0	0	0	0	8	-6	80	12	0	0
13108	Lwia Tarcza+8	2	2	1	256	61	61	0	0	0	0	0	8	-6	80	15	0	0
13109	Lwia Tarcza+9	2	2	1	256	61	80	0	0	0	0	0	8	-6	80	20	0	0
13120	Tarcza Smoka+0	2	2	1	0	61	7	0	0	0	0	0	8	-6	81	1	0	0
13121	Tarcza Smoka+1	2	2	1	0	61	9	0	0	0	0	0	8	-6	81	2	0	0
13122	Tarcza Smoka+2	2	2	1	0	61	12	0	0	0	0	0	8	-6	81	3	0	0
13123	Tarcza Smoka+3	2	2	1	0	61	16	0	0	0	0	0	8	-6	81	4	0	0
13124	Tarcza Smoka+4	2	2	1	0	61	21	0	0	0	0	0	8	-6	81	5	0	0
13125	Tarcza Smoka+5	2	2	1	0	61	27	0	0	0	0	0	8	-6	81	7	0	0
13126	Tarcza Smoka+6	2	2	1	0	61	36	0	0	0	0	0	8	-6	81	9	0	0
13127	Tarcza Smoka+7	2	2	1	256	61	47	0	0	0	0	0	8	-6	81	12	0	0
13128	Tarcza Smoka+8	2	2	1	256	61	61	0	0	0	0	0	8	-6	81	15	0	0
13129	Tarcza Smoka+9	2	2	1	256	61	80	0	0	0	0	0	8	-6	81	20	0	0
14000	Drewniana Bransoleta+0	2	3	1	0	0	0	0	0	0	0	0	7	1	0	0	0	0
14001	Drewniana Bransoleta+1	2	3	1	0	0	0	0	0	0	0	0	7	1	0	0	0	0
14002	Drewniana Bransoleta+2	2	3	1	0	0	0	0	0	0	0	0	7	1	0	0	0	0
14003	Drewniana Bransoleta+3	2	3	1	0	0	0	0	0	0	0	0	7	2	0	0	0	0
14004	Drewniana Bransoleta+4	2	3	1	0	0	0	0	0	0	0	0	7	2	0	0	0	0
14005	Drewniana Bransoleta+5	2	3	1	0	0	0	0	0	0	0	0	7	3	0	0	0	0
14006	Drewniana Bransoleta+6	2	3	1	0	0	0	0	0	0	0	0	7	3	0	0	0	0
14007	Drewniana Bransoleta+7	2	3	1	256	0	0	0	0	0	0	0	7	4	0	0	0	0
14008	Drewniana Bransoleta+8	2	3	1	256	0	0	0	0	0	0	0	7	4	0	0	0	0
14009	Drewniana Bransoleta+9	2	3	1	256	0	0	0	0	0	0	0	7	5	0	0	0	0
14020	Miedziana Bransoleta+0	2	3	1	0	8	0	0	0	0	0	0	7	1	0	0	0	0
14021	Miedziana Bransoleta+1	2	3	1	0	8	0	0	0	0	0	0	7	1	0	0	0	0
14022	Miedziana Bransoleta+2	2	3	1	0	8	0	0	0	0	0	0	7	2	0	0	0	0
14023	Miedziana Bransoleta+3	2	3	1	0	8	0	0	0	0	0	0	7	3	0	0	0	0
14024	Miedziana Bransoleta+4	2	3	1	0	8	0	0	0	0	0	0	7	4	0	0	0	0
14025	Miedziana Bransoleta+5	2	3	1	0	8	0	0	0	0	0	0	7	5	0	0	0	0
14026	Miedziana Bransoleta+6	2	3	1	0	8	0	0	0	0	0	0	7	6	0	0	0	0
14027	Miedziana Bransoleta+7	2	3	1	256	8	0	0	0	0	0	0	7	7	0	0	0	0
14028	Miedziana Bransoleta+8	2	3	1	256	8	0	0	0	0	0	0	7	8	0	0	0	0
14029	Miedziana Bransoleta+9	2	3	1	256	8	0	0	0	0	0	0	7	10	0	0	0	0
14040	Srebrna Bransoleta+0	2	3	1	0	15	0	0	0	0	0	0	7	1	1	20	0	0
14041	Srebrna Bransoleta+1	2	3	1	0	15	0	0	0	0	0	0	7	1	1	35	0	0
14042	Srebrna Bransoleta+2	2	3	1	0	15	0	0	0	0	0	0	7	1	1	60	0	0
14043	Srebrna Bransoleta+3	2	3	1	0	15	0	0	0	0	0	0	7	2	1	90	0	0
14044	Srebrna Bransoleta+4	2	3	1	0	15	0	0	0	0	0	0	7	2	1	150	0	0
14045	Srebrna Bransoleta+5	2	3	1	0	15	0	0	0	0	0	0	7	3	1	250	0	0
14046	Srebrna Bransoleta+6	2	3	1	0	15	0	0	0	0	0	0	7	3	1	350	0	0
14047	Srebrna Bransoleta+7	2	3	1	256	15	0	0	0	0	0	0	7	4	1	500	0	0
14048	Srebrna Bransoleta+8	2	3	1	256	15	0	0	0	0	0	0	7	4	1	700	0	0
14049	Srebrna Bransoleta+9	2	3	1	256	15	0	0	0	0	0	0	7	5	1	1200	0	0
14060	Złota Bransoleta+0	2	3	1	0	22	0	0	0	0	0	0	7	1	41	1	0	0
14061	Złota Bransoleta+1	2	3	1	0	22	0	0	0	0	0	0	7	1	41	2	0	0
14062	Złota Bransoleta+2	2	3	1	0	22	0	0	0	0	0	0	7	1	41	3	0	0
14063	Złota Bransoleta+3	2	3	1	0	22	0	0	0	0	0	0	7	2	41	4	0	0
14064	Złota Bransoleta+4	2	3	1	0	22	0	0	0	0	0	0	7	2	41	5	0	0
14065	Złota Bransoleta+5	2	3	1	0	22	0	0	0	0	0	0	7	3	41	6	0	0
14066	Złota Bransoleta+6	2	3	1	0	22	0	0	0	0	0	0	7	3	41	7	0	0
14067	Złota Bransoleta+7	2	3	1	256	22	0	0	0	0	0	0	7	4	41	8	0	0
14068	Złota Bransoleta+8	2	3	1	256	22	0	0	0	0	0	0	7	4	41	9	0	0
14069	Złota Bransoleta+9	2	3	1	256	22	0	0	0	0	0	0	7	5	41	10	0	0
14080	Jadeitowa Bransoleta+0	2	3	1	0	28	0	0	0	0	0	0	7	1	66	1	0	0
14081	Jadeitowa Bransoleta+1	2	3	1	0	28	0	0	0	0	0	0	7	1	66	2	0	0
14082	Jadeitowa Bransoleta+2	2	3	1	0	28	0	0	0	0	0	0	7	2	66	4	0	0
14083	Jadeitowa Bransoleta+3	2	3	1	0	28	0	0	0	0	0	0	7	2	66	6	0	0
14084	Jadeitowa Bransoleta+4	2	3	1	0	28	0	0	0	0	0	0	7	3	66	8	0	0
14085	Jadeitowa Bransoleta+5	2	3	1	0	28	0	0	0	0	0	0	7	3	66	10	0	0
14086	Jadeitowa Bransoleta+6	2	3	1	0	28	0	0	0	0	0	0	7	4	66	13	0	0
14087	Jadeitowa Bransoleta+7	2	3	1	256	28	0	0	0	0	0	0	7	5	66	16	0	0
14088	Jadeitowa Bransoleta+8	2	3	1	256	28	0	0	0	0	0	0	7	6	66	20	0	0
14089	Jadeitowa Bransoleta+9	2	3	1	256	28	0	0	0	0	0	0	7	7	66	24	0	0
14100	Ebonitowa Bransoleta+0	2	3	1	0	33	0	0	0	0	0	0	7	1	47	1	0	0
14101	Ebonitowa Bransoleta+1	2	3	1	0	33	0	0	0	0	0	0	7	1	47	1	0	0
14102	Ebonitowa Bransoleta+2	2	3	1	0	33	0	0	0	0	0	0	7	2	47	1	0	0
14103	Ebonitowa Bransoleta+3	2	3	1	0	33	0	0	0	0	0	0	7	2	47	2	0	0
14104	Ebonitowa Bransoleta+4	2	3	1	0	33	0	0	0	0	0	0	7	3	47	2	0	0
14105	Ebonitowa Bransoleta+5	2	3	1	0	33	0	0	0	0	0	0	7	3	47	3	0	0
14106	Ebonitowa Bransoleta+6	2	3	1	0	33	0	0	0	0	0	0	7	4	47	3	0	0
14107	Ebonitowa Bransoleta+7	2	3	1	256	33	0	0	0	0	0	0	7	5	47	4	0	0
14108	Ebonitowa Bransoleta+8	2	3	1	256	33	0	0	0	0	0	0	7	6	47	4	0	0
14109	Ebonitowa Bransoleta+9	2	3	1	256	33	0	0	0	0	0	0	7	7	47	5	0	0
14120	Perłowa Bransoleta+0	2	3	1	0	38	0	0	0	0	0	0	7	1	205	2	0	0
14121	Perłowa Bransoleta+1	2	3	1	0	38	0	0	0	0	0	0	7	1	205	3	0	0
14122	Perłowa Bransoleta+2	2	3	1	0	38	0	0	0	0	0	0	7	2	205	4	0	0
14123	Perłowa Bransoleta+3	2	3	1	0	38	0	0	0	0	0	0	7	2	205	5	0	0
14124	Perłowa Bransoleta+4	2	3	1	0	38	0	0	0	0	0	0	7	3	205	6	0	0
14125	Perłowa Bransoleta+5	2	3	1	0	38	0	0	0	0	0	0	7	3	205	7	0	0
14126	Perłowa Bransoleta+6	2	3	1	0	38	0	0	0	0	0	0	7	4	205	8	0	0
14127	Perłowa Bransoleta+7	2	3	1	256	38	0	0	0	0	0	0	7	5	205	10	0	0
14128	Perłowa Bransoleta+8	2	3	1	256	38	0	0	0	0	0	0	7	6	205	12	0	0
14129	Perłowa Bransoleta+9	2	3	1	256	38	0	0	0	0	0	0	7	7	205	15	0	0
14140	Bransol. Z Biał. Złota+0	2	3	1	0	42	0	0	0	0	0	0	7	1	1	25	0	0
14141	Bransol. Z Biał. Złota+1	2	3	1	0	42	0	0	0	0	0	0	7	1	1	40	0	0
14142	Bransol. Z Biał. Złota+2	2	3	1	0	42	0	0	0	0	0	0	7	2	1	65	0	0
14143	Bransol. Z Biał. Złota+3	2	3	1	0	42	0	0	0	0	0	0	7	2	1	110	0	0
14144	Bransol. Z Biał. Złota+4	2	3	1	0	42	0	0	0	0	0	0	7	3	1	180	0	0
14145	Bransol. Z Biał. Złota+5	2	3	1	0	42	0	0	0	0	0	0	7	3	1	300	0	0
14146	Bransol. Z Biał. Złota+6	2	3	1	0	42	0	0	0	0	0	0	7	4	1	500	0	0
14147	Bransol. Z Biał. Złota+7	2	3	1	256	42	0	0	0	0	0	0	7	5	1	800	0	0
14148	Bransol. Z Biał. Złota+8	2	3	1	256	42	0	0	0	0	0	0	7	6	1	1200	0	0
14149	Bransol. Z Biał. Złota+9	2	3	1	256	42	0	0	0	0	0	0	7	7	1	1800	0	0
14160	Kryształowa Bransoleta+0	2	3	1	0	46	0	0	0	0	0	0	7	1	209	1	0	0
14161	Kryształowa Bransoleta+1	2	3	1	0	46	0	0	0	0	0	0	7	1	209	1	0	0
14162	Kryształowa Bransoleta+2	2	3	1	0	46	0	0	0	0	0	0	7	2	209	1	0	0
14163	Kryształowa Bransoleta+3	2	3	1	0	46	0	0	0	0	0	0	7	3	209	2	0	0
14164	Kryształowa Bransoleta+4	2	3	1	0	46	0	0	0	0	0	0	7	4	209	2	0	0
14165	Kryształowa Bransoleta+5	2	3	1	0	46	0	0	0	0	0	0	7	5	209	3	0	0
14166	Kryształowa Bransoleta+6	2	3	1	0	46	0	0	0	0	0	0	7	6	209	4	0	0
14167	Kryształowa Bransoleta+7	2	3	1	256	46	0	0	0	0	0	0	7	7	209	5	0	0
14168	Kryształowa Bransoleta+8	2	3	1	256	46	0	0	0	0	0	0	7	8	209	6	0	0
14169	Kryształowa Bransoleta+9	2	3	1	256	46	0	0	0	0	0	0	7	10	209	7	0	0
14180	Ametystowa Bransoleta+0	2	3	1	0	50	0	0	0	0	0	0	7	1	208	1	0	0
14181	Ametystowa Bransoleta+1	2	3	1	0	50	0	0	0	0	0	0	7	1	208	1	0	0
14182	Ametystowa Bransoleta+2	2	3	1	0	50	0	0	0	0	0	0	7	2	208	1	0	0
14183	Ametystowa Bransoleta+3	2	3	1	0	50	0	0	0	0	0	0	7	3	208	2	0	0
14184	Ametystowa Bransoleta+4	2	3	1	0	50	0	0	0	0	0	0	7	4	208	2	0	0
14185	Ametystowa Bransoleta+5	2	3	1	0	50	0	0	0	0	0	0	7	5	208	3	0	0
14186	Ametystowa Bransoleta+6	2	3	1	0	50	0	0	0	0	0	0	7	6	208	4	0	0
14187	Ametystowa Bransoleta+7	2	3	1	256	50	0	0	0	0	0	0	7	7	208	5	0	0
14188	Ametystowa Bransoleta+8	2	3	1	256	50	0	0	0	0	0	0	7	8	208	6	0	0
14189	Ametystowa Bransoleta+9	2	3	1	256	50	0	0	0	0	0	0	7	10	208	7	0	0
14200	Bransol. Z Niebiań.Łez+0	2	3	1	0	54	0	0	0	0	0	0	7	1	15	1	0	0
14201	Bransol. Z Niebiań.Łez+1	2	3	1	0	54	0	0	0	0	0	0	7	1	15	1	0	0
14202	Bransol. Z Niebiań.Łez+2	2	3	1	0	54	0	0	0	0	0	0	7	2	15	2	0	0
14203	Bransol. Z Niebiań.Łez+3	2	3	1	0	54	0	0	0	0	0	0	7	3	15	3	0	0
14204	Bransol. Z Niebiań.Łez+4	2	3	1	0	54	0	0	0	0	0	0	7	4	15	4	0	0
14205	Bransol. Z Niebiań.Łez+5	2	3	1	0	54	0	0	0	0	0	0	7	5	15	5	0	0
14206	Bransol. Z Niebiań.Łez+6	2	3	1	0	54	0	0	0	0	0	0	7	6	15	6	0	0
14207	Bransol. Z Niebiań.Łez+7	2	3	1	256	54	0	0	0	0	0	0	7	7	15	7	0	0
14208	Bransol. Z Niebiań.Łez+8	2	3	1	256	54	0	0	0	0	0	0	7	8	15	8	0	0
14209	Bransol. Z Niebiań.Łez+9	2	3	1	256	54	0	0	0	0	0	0	7	10	15	10	0	0
15000	Skórzane Buty+0	2	4	1	0	0	1	0	0	0	0	0	8	1	0	0	0	0
15001	Skórzane Buty+1	2	4	1	0	0	1	0	0	0	0	0	8	1	0	0	0	0
15002	Skórzane Buty+2	2	4	1	0	0	1	0	0	0	0	0	8	2	0	0	0	0
15003	Skórzane Buty+3	2	4	1	0	0	1	0	0	0	0	0	8	3	0	0	0	0
15004	Skórzane Buty+4	2	4	1	0	0	1	0	0	0	0	0	8	4	0	0	0	0
15005	Skórzane Buty+5	2	4	1	0	0	1	0	0	0	0	0	8	5	0	0	0	0
15006	Skórzane Buty+6	2	4	1	0	0	1	0	0	0	0	0	8	6	0	0	0	0
15007	Skórzane Buty+7	2	4	1	256	0	1	0	0	0	0	0	8	7	0	0	0	0
15008	Skórzane Buty+8	2	4	1	256	0	1	0	0	0	0	0	8	8	0	0	0	0
15009	Skórzane Buty+9	2	4	1	256	0	1	0	0	0	0	0	8	10	0	0	0	0
15020	Bambusowe Buty+0	2	4	1	0	9	2	0	0	0	0	0	8	2	0	0	0	0
15021	Bambusowe Buty+1	2	4	1	0	9	2	0	0	0	0	0	8	3	0	0	0	0
15022	Bambusowe Buty+2	2	4	1	0	9	2	0	0	0	0	0	8	4	0	0	0	0
15023	Bambusowe Buty+3	2	4	1	0	9	2	0	0	0	0	0	8	5	0	0	0	0
15024	Bambusowe Buty+4	2	4	1	0	9	2	0	0	0	0	0	8	7	0	0	0	0
15025	Bambusowe Buty+5	2	4	1	0	9	2	0	0	0	0	0	8	9	0	0	0	0
15026	Bambusowe Buty+6	2	4	1	0	9	2	0	0	0	0	0	8	11	0	0	0	0
15027	Bambusowe Buty+7	2	4	1	256	9	2	0	0	0	0	0	8	14	0	0	0	0
15028	Bambusowe Buty+8	2	4	1	256	9	2	0	0	0	0	0	8	18	0	0	0	0
15029	Bambusowe Buty+9	2	4	1	256	9	2	0	0	0	0	0	8	25	0	0	0	0
15040	Drewniane Buty+0	2	4	1	0	17	2	0	0	0	0	0	8	2	1	20	0	0
15041	Drewniane Buty+1	2	4	1	0	17	2	0	0	0	0	0	8	3	1	35	0	0
15042	Drewniane Buty+2	2	4	1	0	17	2	0	0	0	0	0	8	4	1	60	0	0
15043	Drewniane Buty+3	2	4	1	0	17	2	0	0	0	0	0	8	5	1	100	0	0
15044	Drewniane Buty+4	2	4	1	0	17	2	0	0	0	0	0	8	6	1	130	0	0
15045	Drewniane Buty+5	2	4	1	0	17	2	0	0	0	0	0	8	7	1	165	0	0
15046	Drewniane Buty+6	2	4	1	0	17	2	0	0	0	0	0	8	9	1	200	0	0
15047	Drewniane Buty+7	2	4	1	256	17	2	0	0	0	0	0	8	11	1	260	0	0
15048	Drewniane Buty+8	2	4	1	256	17	2	0	0	0	0	0	8	13	1	320	0	0
15049	Drewniane Buty+9	2	4	1	256	17	2	0	0	0	0	0	8	15	1	500	0	0
15060	Buty Wyszywane Złotem+0	2	4	1	0	23	3	0	0	0	0	0	8	2	44	1	0	0
15061	Buty Wyszywane Złotem+1	2	4	1	0	23	3	0	0	0	0	0	8	3	44	1	0	0
15062	Buty Wyszywane Złotem+2	2	4	1	0	23	3	0	0	0	0	0	8	4	44	2	0	0
15063	Buty Wyszywane Złotem+3	2	4	1	0	23	3	0	0	0	0	0	8	5	44	3	0	0
15064	Buty Wyszywane Złotem+4	2	4	1	0	23	3	0	0	0	0	0	8	6	44	4	0	0
15065	Buty Wyszywane Złotem+5	2	4	1	0	23	3	0	0	0	0	0	8	7	44	5	0	0
15066	Buty Wyszywane Złotem+6	2	4	1	0	23	3	0	0	0	0	0	8	9	44	6	0	0
15067	Buty Wyszywane Złotem+7	2	4	1	256	23	3	0	0	0	0	0	8	11	44	7	0	0
15068	Buty Wyszywane Złotem+8	2	4	1	256	23	3	0	0	0	0	0	8	13	44	8	0	0
15069	Buty Wyszywane Złotem+9	2	4	1	256	23	3	0	0	0	0	0	8	15	44	10	0	0
15080	Skórzane Kozaki+0	2	4	1	0	29	3	0	0	0	0	0	8	3	34	1	0	0
15081	Skórzane Kozaki+1	2	4	1	0	29	3	0	0	0	0	0	8	4	34	2	0	0
15082	Skórzane Kozaki+2	2	4	1	0	29	3	0	0	0	0	0	8	5	34	3	0	0
15083	Skórzane Kozaki+3	2	4	1	0	29	3	0	0	0	0	0	8	6	34	4	0	0
15084	Skórzane Kozaki+4	2	4	1	0	29	3	0	0	0	0	0	8	8	34	5	0	0
15085	Skórzane Kozaki+5	2	4	1	0	29	3	0	0	0	0	0	8	10	34	6	0	0
15086	Skórzane Kozaki+6	2	4	1	0	29	3	0	0	0	0	0	8	12	34	8	0	0
15087	Skórzane Kozaki+7	2	4	1	256	29	3	0	0	0	0	0	8	14	34	10	0	0
15088	Skórzane Kozaki+8	2	4	1	256	29	3	0	0	0	0	0	8	17	34	12	0	0
15089	Skórzane Kozaki+9	2	4	1	256	29	3	0	0	0	0	0	8	20	34	15	0	0
15100	Złote Buty+0	2	4	1	0	34	4	0	0	0	0	0	8	3	54	2	0	0
15101	Złote Buty+1	2	4	1	0	34	4	0	0	0	0	0	8	4	54	4	0	0
15102	Złote Buty+2	2	4	1	0	34	4	0	0	0	0	0	8	5	54	6	0	0
15103	Złote Buty+3	2	4	1	0	34	4	0	0	0	0	0	8	6	54	8	0	0
15104	Złote Buty+4	2	4	1	0	34	4	0	0	0	0	0	8	8	54	11	0	0
15105	Złote Buty+5	2	4	1	0	34	4	0	0	0	0	0	8	10	54	14	0	0
15106	Złote Buty+6	2	4	1	0	34	4	0	0	0	0	0	8	12	54	18	0	0
15107	Złote Buty+7	2	4	1	256	34	4	0	0	0	0	0	8	14	54	22	0	0
15108	Złote Buty+8	2	4	1	256	34	4	0	0	0	0	0	8	17	54	29	0	0
15109	Złote Buty+9	2	4	1	256	34	4	0	0	0	0	0	8	20	54	40	0	0
15120	Buty Z Brązu+0	2	4	1	0	39	4	0	0	0	0	0	8	3	41	1	0	0
15121	Buty Z Brązu+1	2	4	1	0	39	4	0	0	0	0	0	8	4	41	2	0	0
15122	Buty Z Brązu+2	2	4	1	0	39	4	0	0	0	0	0	8	5	41	3	0	0
15123	Buty Z Brązu+3	2	4	1	0	39	4	0	0	0	0	0	8	6	41	4	0	0
15124	Buty Z Brązu+4	2	4	1	0	39	4	0	0	0	0	0	8	8	41	5	0	0
15125	Buty Z Brązu+5	2	4	1	0	39	4	0	0	0	0	0	8	10	41	6	0	0
15126	Buty Z Brązu+6	2	4	1	0	39	4	0	0	0	0	0	8	12	41	8	0	0
15127	Buty Z Brązu+7	2	4	1	256	39	4	0	0	0	0	0	8	14	41	10	0	0
15128	Buty Z Brązu+8	2	4	1	256	39	4	0	0	0	0	0	8	17	41	12	0	0
15129	Buty Z Brązu+9	2	4	1	256	39	4	0	0	0	0	0	8	20	41	15	0	0
15140	Jadeitowe Buty+0	2	4	1	0	43	4	0	0	0	0	0	8	3	66	2	0	0
15141	Jadeitowe Buty+1	2	4	1	0	43	4	0	0	0	0	0	8	4	66	4	0	0
15142	Jadeitowe Buty+2	2	4	1	0	43	4	0	0	0	0	0	8	5	66	6	0	0
15143	Jadeitowe Buty+3	2	4	1	0	43	4	0	0	0	0	0	8	6	66	8	0	0
15144	Jadeitowe Buty+4	2	4	1	0	43	4	0	0	0	0	0	8	8	66	10	0	0
15145	Jadeitowe Buty+5	2	4	1	0	43	4	0	0	0	0	0	8	10	66	12	0	0
15146	Jadeitowe Buty+6	2	4	1	0	43	4	0	0	0	0	0	8	12	66	16	0	0
15147	Jadeitowe Buty+7	2	4	1	256	43	4	0	0	0	0	0	8	14	66	20	0	0
15148	Jadeitowe Buty+8	2	4	1	256	43	4	0	0	0	0	0	8	17	66	24	0	0
15149	Jadeitowe Buty+9	2	4	1	256	43	4	0	0	0	0	0	8	20	66	30	0	0
15160	Ekstazyjne Buty+0	2	4	1	0	47	5	0	0	0	0	0	8	3	9	1	0	0
15161	Ekstazyjne Buty+1	2	4	1	0	47	5	0	0	0	0	0	8	4	9	2	0	0
15162	Ekstazyjne Buty+2	2	4	1	0	47	5	0	0	0	0	0	8	5	9	4	0	0
15163	Ekstazyjne Buty+3	2	4	1	0	47	5	0	0	0	0	0	8	6	9	6	0	0
15164	Ekstazyjne Buty+4	2	4	1	0	47	5	0	0	0	0	0	8	8	9	8	0	0
15165	Ekstazyjne Buty+5	2	4	1	0	47	5	0	0	0	0	0	8	10	9	10	0	0
15166	Ekstazyjne Buty+6	2	4	1	0	47	5	0	0	0	0	0	8	12	9	13	0	0
15167	Ekstazyjne Buty+7	2	4	1	256	47	5	0	0	0	0	0	8	14	9	16	0	0
15168	Ekstazyjne Buty+8	2	4	1	256	47	5	0	0	0	0	0	8	17	9	20	0	0
15169	Ekstazyjne Buty+9	2	4	1	256	47	5	0	0	0	0	0	8	20	9	24	0	0
15180	Deszczowe Buty+0	2	4	1	0	51	5	0	0	0	0	0	8	3	28	1	0	0
15181	Deszczowe Buty+1	2	4	1	0	51	6	0	0	0	0	0	8	4	28	2	0	0
15182	Deszczowe Buty+2	2	4	1	0	51	7	0	0	0	0	0	8	5	28	3	0	0
15183	Deszczowe Buty+3	2	4	1	0	51	8	0	0	0	0	0	8	6	28	4	0	0
15184	Deszczowe Buty+4	2	4	1	0	51	10	0	0	0	0	0	8	8	28	5	0	0
15185	Deszczowe Buty+5	2	4	1	0	51	12	0	0	0	0	0	8	10	28	6	0	0
15186	Deszczowe Buty+6	2	4	1	0	51	15	0	0	0	0	0	8	12	28	8	0	0
15187	Deszczowe Buty+7	2	4	1	256	51	18	0	0	0	0	0	8	14	28	10	0	0
15188	Deszczowe Buty+8	2	4	1	256	51	21	0	0	0	0	0	8	17	28	12	0	0
15189	Deszczowe Buty+9	2	4	1	256	51	25	0	0	0	0	0	8	20	28	15	0	0
15200	Buty Feniksa+0	2	4	1	0	55	5	0	0	0	0	0	8	3	27	1	0	0
15201	Buty Feniksa+1	2	4	1	0	55	5	0	0	0	0	0	8	4	27	1	0	0
15202	Buty Feniksa+2	2	4	1	0	55	5	0	0	0	0	0	8	5	27	2	0	0
15203	Buty Feniksa+3	2	4	1	0	55	5	0	0	0	0	0	8	6	27	3	0	0
15204	Buty Feniksa+4	2	4	1	0	55	5	0	0	0	0	0	8	8	27	4	0	0
15205	Buty Feniksa+5	2	4	1	0	55	5	0	0	0	0	0	8	10	27	5	0	0
15206	Buty Feniksa+6	2	4	1	0	55	5	0	0	0	0	0	8	12	27	6	0	0
15207	Buty Feniksa+7	2	4	1	256	55	5	0	0	0	0	0	8	14	27	7	0	0
15208	Buty Feniksa+8	2	4	1	256	55	5	0	0	0	0	0	8	17	27	8	0	0
15209	Buty Feniksa+9	2	4	1	256	55	5	0	0	0	0	0	8	20	27	10	0	0
15220	Buty Ognistego Ptaka+0	2	4	1	0	59	5	0	0	0	0	0	8	3	71	1	0	0
15221	Buty Ognistego Ptaka+1	2	4	1	0	59	5	0	0	0	0	0	8	4	71	1	0	0
15222	Buty Ognistego Ptaka+2	2	4	1	0	59	5	0	0	0	0	0	8	5	71	1	0	0
15223	Buty Ognistego Ptaka+3	2	4	1	0	59	5	0	0	0	0	0	8	6	71	2	0	0
15224	Buty Ognistego Ptaka+4	2	4	1	0	59	5	0	0	0	0	0	8	8	71	2	0	0
15225	Buty Ognistego Ptaka+5	2	4	1	0	59	5	0	0	0	0	0	8	10	71	3	0	0
15226	Buty Ognistego Ptaka+6	2	4	1	0	59	5	0	0	0	0	0	8	12	71	4	0	0
15227	Buty Ognistego Ptaka+7	2	4	1	256	59	5	0	0	0	0	0	8	14	71	5	0	0
15228	Buty Ognistego Ptaka+8	2	4	1	256	59	5	0	0	0	0	0	8	17	71	6	0	0
15229	Buty Ognistego Ptaka+9	2	4	1	256	59	5	0	0	0	0	0	8	20	71	8	0	0
16000	Drewniany Naszyjnik+0	2	5	1	0	0	0	0	0	0	0	0	9	2	0	0	0	0
16001	Drewniany Naszyjnik+1	2	5	1	0	0	0	0	0	0	0	0	9	4	0	0	0	0
16002	Drewniany Naszyjnik+2	2	5	1	0	0	0	0	0	0	0	0	9	6	0	0	0	0
16003	Drewniany Naszyjnik+3	2	5	1	0	0	0	0	0	0	0	0	9	8	0	0	0	0
16004	Drewniany Naszyjnik+4	2	5	1	0	0	0	0	0	0	0	0	9	10	0	0	0	0
16005	Drewniany Naszyjnik+5	2	5	1	0	0	0	0	0	0	0	0	9	12	0	0	0	0
16006	Drewniany Naszyjnik+6	2	5	1	0	0	0	0	0	0	0	0	9	14	0	0	0	0
16007	Drewniany Naszyjnik+7	2	5	1	256	0	0	0	0	0	0	0	9	16	0	0	0	0
16008	Drewniany Naszyjnik+8	2	5	1	256	0	0	0	0	0	0	0	9	18	0	0	0	0
16009	Drewniany Naszyjnik+9	2	5	1	256	0	0	0	0	0	0	0	9	20	0	0	0	0
16020	Miedziany Naszyjnik+0	2	5	1	0	8	0	0	0	0	0	0	9	2	16	1	0	0
16021	Miedziany Naszyjnik+1	2	5	1	0	8	0	0	0	0	0	0	9	4	16	1	0	0
16022	Miedziany Naszyjnik+2	2	5	1	0	8	0	0	0	0	0	0	9	6	16	1	0	0
16023	Miedziany Naszyjnik+3	2	5	1	0	8	0	0	0	0	0	0	9	8	16	2	0	0
16024	Miedziany Naszyjnik+4	2	5	1	0	8	0	0	0	0	0	0	9	10	16	2	0	0
16025	Miedziany Naszyjnik+5	2	5	1	0	8	0	0	0	0	0	0	9	12	16	2	0	0
16026	Miedziany Naszyjnik+6	2	5	1	0	8	0	0	0	0	0	0	9	14	16	3	0	0
16027	Miedziany Naszyjnik+7	2	5	1	256	8	0	0	0	0	0	0	9	16	16	3	0	0
16028	Miedziany Naszyjnik+8	2	5	1	256	8	0	0	0	0	0	0	9	18	16	4	0	0
16029	Miedziany Naszyjnik+9	2	5	1	256	8	0	0	0	0	0	0	9	20	16	5	0	0
16040	Srebrny Naszyjnik+0	2	5	1	0	15	0	0	0	0	0	0	9	2	15	1	0	0
16041	Srebrny Naszyjnik+1	2	5	1	0	15	0	0	0	0	0	0	9	4	15	1	0	0
16042	Srebrny Naszyjnik+2	2	5	1	0	15	0	0	0	0	0	0	9	6	15	1	0	0
16043	Srebrny Naszyjnik+3	2	5	1	0	15	0	0	0	0	0	0	9	8	15	2	0	0
16044	Srebrny Naszyjnik+4	2	5	1	0	15	0	0	0	0	0	0	9	10	15	2	0	0
16045	Srebrny Naszyjnik+5	2	5	1	0	15	0	0	0	0	0	0	9	12	15	2	0	0
16046	Srebrny Naszyjnik+6	2	5	1	0	15	0	0	0	0	0	0	9	14	15	3	0	0
16047	Srebrny Naszyjnik+7	2	5	1	256	15	0	0	0	0	0	0	9	16	15	3	0	0
16048	Srebrny Naszyjnik+8	2	5	1	256	15	0	0	0	0	0	0	9	18	15	4	0	0
16049	Srebrny Naszyjnik+9	2	5	1	256	15	0	0	0	0	0	0	9	20	15	5	0	0
16060	Złoty Naszyjnik+0	2	5	1	0	22	0	0	0	0	0	0	9	2	34	1	0	0
16061	Złoty Naszyjnik+1	2	5	1	0	22	0	0	0	0	0	0	9	4	34	2	0	0
16062	Złoty Naszyjnik+2	2	5	1	0	22	0	0	0	0	0	0	9	6	34	3	0	0
16063	Złoty Naszyjnik+3	2	5	1	0	22	0	0	0	0	0	0	9	8	34	4	0	0
16064	Złoty Naszyjnik+4	2	5	1	0	22	0	0	0	0	0	0	9	10	34	5	0	0
16065	Złoty Naszyjnik+5	2	5	1	0	22	0	0	0	0	0	0	9	12	34	6	0	0
16066	Złoty Naszyjnik+6	2	5	1	0	22	0	0	0	0	0	0	9	14	34	7	0	0
16067	Złoty Naszyjnik+7	2	5	1	256	22	0	0	0	0	0	0	9	16	34	8	0	0
16068	Złoty Naszyjnik+8	2	5	1	256	22	0	0	0	0	0	0	9	18	34	9	0	0
16069	Złoty Naszyjnik+9	2	5	1	256	22	0	0	0	0	0	0	9	20	34	10	0	0
16080	Jadeitowy Naszyjnik+0	2	5	1	0	38	0	0	0	0	0	0	9	4	6	1	0	0
16081	Jadeitowy Naszyjnik+1	2	5	1	0	38	0	0	0	0	0	0	9	6	6	1	0	0
16082	Jadeitowy Naszyjnik+2	2	5	1	0	38	0	0	0	0	0	0	9	8	6	1	0	0
16083	Jadeitowy Naszyjnik+3	2	5	1	0	38	0	0	0	0	0	0	9	10	6	2	0	0
16084	Jadeitowy Naszyjnik+4	2	5	1	0	38	0	0	0	0	0	0	9	12	6	2	0	0
16085	Jadeitowy Naszyjnik+5	2	5	1	0	38	0	0	0	0	0	0	9	14	6	3	0	0
16086	Jadeitowy Naszyjnik+6	2	5	1	0	38	0	0	0	0	0	0	9	16	6	4	0	0
16087	Jadeitowy Naszyjnik+7	2	5	1	256	38	0	0	0	0	0	0	9	18	6	5	0	0
16088	Jadeitowy Naszyjnik+8	2	5	1	256	38	0	0	0	0	0	0	9	20	6	6	0	0
16089	Jadeitowy Naszyjnik+9	2	5	1	256	38	0	0	0	0	0	0	9	22	6	7	0	0
16100	Ebonitowy Naszyjnik+0	2	5	1	0	33	0	0	0	0	0	0	9	4	205	2	0	0
16101	Ebonitowy Naszyjnik+1	2	5	1	0	33	0	0	0	0	0	0	9	6	205	3	0	0
16102	Ebonitowy Naszyjnik+2	2	5	1	0	33	0	0	0	0	0	0	9	8	205	4	0	0
16103	Ebonitowy Naszyjnik+3	2	5	1	0	33	0	0	0	0	0	0	9	10	205	5	0	0
16104	Ebonitowy Naszyjnik+4	2	5	1	0	33	0	0	0	0	0	0	9	12	205	6	0	0
16105	Ebonitowy Naszyjnik+5	2	5	1	0	33	0	0	0	0	0	0	9	14	205	7	0	0
16106	Ebonitowy Naszyjnik+6	2	5	1	0	33	0	0	0	0	0	0	9	16	205	8	0	0
16107	Ebonitowy Naszyjnik+7	2	5	1	256	33	0	0	0	0	0	0	9	18	205	10	0	0
16108	Ebonitowy Naszyjnik+8	2	5	1	256	33	0	0	0	0	0	0	9	20	205	12	0	0
16109	Ebonitowy Naszyjnik+9	2	5	1	256	33	0	0	0	0	0	0	9	22	205	15	0	0
16120	Perłowy Naszyjnik+0	2	5	1	0	38	0	0	0	0	0	0	9	4	4	1	0	0
16121	Perłowy Naszyjnik+1	2	5	1	0	38	0	0	0	0	0	0	9	6	4	1	0	0
16122	Perłowy Naszyjnik+2	2	5	1	0	38	0	0	0	0	0	0	9	8	4	1	0	0
16123	Perłowy Naszyjnik+3	2	5	1	0	38	0	0	0	0	0	0	9	10	4	2	0	0
16124	Perłowy Naszyjnik+4	2	5	1	0	38	0	0	0	0	0	0	9	12	4	2	0	0
16125	Perłowy Naszyjnik+5	2	5	1	0	38	0	0	0	0	0	0	9	14	4	3	0	0
16126	Perłowy Naszyjnik+6	2	5	1	0	38	0	0	0	0	0	0	9	16	4	4	0	0
16127	Perłowy Naszyjnik+7	2	5	1	256	38	0	0	0	0	0	0	9	18	4	5	0	0
16128	Perłowy Naszyjnik+8	2	5	1	256	38	0	0	0	0	0	0	9	20	4	6	0	0
16129	Perłowy Naszyjnik+9	2	5	1	256	38	0	0	0	0	0	0	9	22	4	7	0	0
16140	Naszyj. Z Biał. Złota+0	2	5	1	0	38	0	0	0	0	0	0	9	4	5	1	0	0
16141	Naszyj. Z Biał. Złota+1	2	5	1	0	38	0	0	0	0	0	0	9	6	5	1	0	0
16142	Naszyj. Z Biał. Złota+2	2	5	1	0	38	0	0	0	0	0	0	9	8	5	1	0	0
16143	Naszyj. Z Biał. Złota+3	2	5	1	0	38	0	0	0	0	0	0	9	10	5	2	0	0
16144	Naszyj. Z Biał. Złota+4	2	5	1	0	38	0	0	0	0	0	0	9	12	5	2	0	0
16145	Naszyj. Z Biał. Złota+5	2	5	1	0	38	0	0	0	0	0	0	9	14	5	3	0	0
16146	Naszyj. Z Biał. Złota+6	2	5	1	0	38	0	0	0	0	0	0	9	16	5	4	0	0
16147	Naszyj. Z Biał. Złota+7	2	5	1	256	38	0	0	0	0	0	0	9	18	5	5	0	0
16148	Naszyj. Z Biał. Złota+8	2	5	1	256	38	0	0	0	0	0	0	9	20	5	6	0	0
16149	Naszyj. Z Biał. Złota+9	2	5	1	256	38	0	0	0	0	0	0	9	22	5	7	0	0
16160	Kryształowy Naszyjnik+0	2	5	1	0	46	0	0	0	0	0	0	9	6	206	1	0	0
16161	Kryształowy Naszyjnik+1	2	5	1	0	46	0	0	0	0	0	0	9	8	206	1	0	0
16162	Kryształowy Naszyjnik+2	2	5	1	0	46	0	0	0	0	0	0	9	10	206	1	0	0
16163	Kryształowy Naszyjnik+3	2	5	1	0	46	0	0	0	0	0	0	9	12	206	2	0	0
16164	Kryształowy Naszyjnik+4	2	5	1	0	46	0	0	0	0	0	0	9	14	206	2	0	0
16165	Kryształowy Naszyjnik+5	2	5	1	0	46	0	0	0	0	0	0	9	16	206	2	0	0
16166	Kryształowy Naszyjnik+6	2	5	1	0	46	0	0	0	0	0	0	9	18	206	3	0	0
16167	Kryształowy Naszyjnik+7	2	5	1	256	46	0	0	0	0	0	0	9	20	206	3	0	0
16168	Kryształowy Naszyjnik+8	2	5	1	256	46	0	0	0	0	0	0	9	22	206	4	0	0
16169	Kryształowy Naszyjnik+9	2	5	1	256	46	0	0	0	0	0	0	9	24	206	5	0	0
16180	Ametystowy Naszyjnik+0	2	5	1	0	50	0	0	0	0	0	0	9	6	203	1	0	0
16181	Ametystowy Naszyjnik+1	2	5	1	0	50	0	0	0	0	0	0	9	8	203	1	0	0
16182	Ametystowy Naszyjnik+2	2	5	1	0	50	0	0	0	0	0	0	9	10	203	1	0	0
16183	Ametystowy Naszyjnik+3	2	5	1	0	50	0	0	0	0	0	0	9	12	203	2	0	0
16184	Ametystowy Naszyjnik+4	2	5	1	0	50	0	0	0	0	0	0	9	14	203	2	0	0
16185	Ametystowy Naszyjnik+5	2	5	1	0	50	0	0	0	0	0	0	9	16	203	2	0	0
16186	Ametystowy Naszyjnik+6	2	5	1	0	50	0	0	0	0	0	0	9	18	203	3	0	0
16187	Ametystowy Naszyjnik+7	2	5	1	256	50	0	0	0	0	0	0	9	20	203	3	0	0
16188	Ametystowy Naszyjnik+8	2	5	1	256	50	0	0	0	0	0	0	9	22	203	4	0	0
16189	Ametystowy Naszyjnik+9	2	5	1	256	50	0	0	0	0	0	0	9	24	203	5	0	0
16200	Naszyj. Z Niebiań.Łez+0	2	5	1	0	54	0	0	0	0	0	0	9	6	16	6	0	0
16201	Naszyj. Z Niebiań.Łez+1	2	5	1	0	54	0	0	0	0	0	0	9	8	16	8	0	0
16202	Naszyj. Z Niebiań.Łez+2	2	5	1	0	54	0	0	0	0	0	0	9	10	16	10	0	0
16203	Naszyj. Z Niebiań.Łez+3	2	5	1	0	54	0	0	0	0	0	0	9	12	16	12	0	0
16204	Naszyj. Z Niebiań.Łez+4	2	5	1	0	54	0	0	0	0	0	0	9	14	16	14	0	0
16205	Naszyj. Z Niebiań.Łez+5	2	5	1	0	54	0	0	0	0	0	0	9	16	16	16	0	0
16206	Naszyj. Z Niebiań.Łez+6	2	5	1	0	54	0	0	0	0	0	0	9	18	16	18	0	0
16207	Naszyj. Z Niebiań.Łez+7	2	5	1	256	54	0	0	0	0	0	0	9	20	16	20	0	0
16208	Naszyj. Z Niebiań.Łez+8	2	5	1	256	54	0	0	0	0	0	0	9	22	16	22	0	0
16209	Naszyj. Z Niebiań.Łez+9	2	5	1	256	54	0	0	0	0	0	0	9	24	16	24	0	0
17000	Drewniane Kolczyki+0	2	6	1	0	0	0	0	0	0	0	0	6	1	0	0	0	0
17001	Drewniane Kolczyki+1	2	6	1	0	0	0	0	0	0	0	0	6	1	0	0	0	0
17002	Drewniane Kolczyki+2	2	6	1	0	0	0	0	0	0	0	0	6	2	0	0	0	0
17003	Drewniane Kolczyki+3	2	6	1	0	0	0	0	0	0	0	0	6	3	0	0	0	0
17004	Drewniane Kolczyki+4	2	6	1	0	0	0	0	0	0	0	0	6	4	0	0	0	0
17005	Drewniane Kolczyki+5	2	6	1	0	0	0	0	0	0	0	0	6	5	0	0	0	0
17006	Drewniane Kolczyki+6	2	6	1	0	0	0	0	0	0	0	0	6	6	0	0	0	0
17007	Drewniane Kolczyki+7	2	6	1	256	0	0	0	0	0	0	0	6	7	0	0	0	0
17008	Drewniane Kolczyki+8	2	6	1	256	0	0	0	0	0	0	0	6	8	0	0	0	0
17009	Drewniane Kolczyki+9	2	6	1	256	0	0	0	0	0	0	0	6	10	0	0	0	0
17020	Miedziane Kolczyki+0	2	6	1	0	8	0	0	0	0	0	0	5	1	0	0	0	0
17021	Miedziane Kolczyki+1	2	6	1	0	8	0	0	0	0	0	0	5	1	0	0	0	0
17022	Miedziane Kolczyki+2	2	6	1	0	8	0	0	0	0	0	0	5	2	0	0	0	0
17023	Miedziane Kolczyki+3	2	6	1	0	8	0	0	0	0	0	0	5	3	0	0	0	0
17024	Miedziane Kolczyki+4	2	6	1	0	8	0	0	0	0	0	0	5	4	0	0	0	0
17025	Miedziane Kolczyki+5	2	6	1	0	8	0	0	0	0	0	0	5	5	0	0	0	0
17026	Miedziane Kolczyki+6	2	6	1	0	8	0	0	0	0	0	0	5	6	0	0	0	0
17027	Miedziane Kolczyki+7	2	6	1	256	8	0	0	0	0	0	0	5	7	0	0	0	0
17028	Miedziane Kolczyki+8	2	6	1	256	8	0	0	0	0	0	0	5	8	0	0	0	0
17029	Miedziane Kolczyki+9	2	6	1	256	8	0	0	0	0	0	0	5	10	0	0	0	0
17040	Srebrne Kolczyki+0	2	6	1	0	15	0	0	0	0	0	0	3	1	0	0	0	0
17041	Srebrne Kolczyki+1	2	6	1	0	15	0	0	0	0	0	0	3	1	0	0	0	0
17042	Srebrne Kolczyki+2	2	6	1	0	15	0	0	0	0	0	0	3	2	0	0	0	0
17043	Srebrne Kolczyki+3	2	6	1	0	15	0	0	0	0	0	0	3	3	0	0	0	0
17044	Srebrne Kolczyki+4	2	6	1	0	15	0	0	0	0	0	0	3	4	0	0	0	0
17045	Srebrne Kolczyki+5	2	6	1	0	15	0	0	0	0	0	0	3	5	0	0	0	0
17046	Srebrne Kolczyki+6	2	6	1	0	15	0	0	0	0	0	0	3	6	0	0	0	0
17047	Srebrne Kolczyki+7	2	6	1	256	15	0	0	0	0	0	0	3	7	0	0	0	0
17048	Srebrne Kolczyki+8	2	6	1	256	15	0	0	0	0	0	0	3	8	0	0	0	0
17049	Srebrne Kolczyki+9	2	6	1	256	15	0	0	0	0	0	0	3	10	0	0	0	0
17060	Złote Kolczyki+0	2	6	1	0	22	0	0	0	0	0	0	4	1	0	0	0	0
17061	Złote Kolczyki+1	2	6	1	0	22	0	0	0	0	0	0	4	1	0	0	0	0
17062	Złote Kolczyki+2	2	6	1	0	22	0	0	0	0	0	0	4	2	0	0	0	0
17063	Złote Kolczyki+3	2	6	1	0	22	0	0	0	0	0	0	4	3	0	0	0	0
17064	Złote Kolczyki+4	2	6	1	0	22	0	0	0	0	0	0	4	4	0	0	0	0
17065	Złote Kolczyki+5	2	6	1	0	22	0	0	0	0	0	0	4	5	0	0	0	0
17066	Złote Kolczyki+6	2	6	1	0	22	0	0	0	0	0	0	4	6	0	0	0	0
17067	Złote Kolczyki+7	2	6	1	256	22	0	0	0	0	0	0	4	7	0	0	0	0
17068	Złote Kolczyki+8	2	6	1	256	22	0	0	0	0	0	0	4	8	0	0	0	0
17069	Złote Kolczyki+9	2	6	1	256	22	0	0	0	0	0	0	4	10	0	0	0	0
17080	Jadeitowe Kolczyki+0	2	6	1	0	33	0	0	0	0	0	0	6	1	1	25	0	0
17081	Jadeitowe Kolczyki+1	2	6	1	0	33	0	0	0	0	0	0	6	2	1	40	0	0
17082	Jadeitowe Kolczyki+2	2	6	1	0	33	0	0	0	0	0	0	6	3	1	60	0	0
17083	Jadeitowe Kolczyki+3	2	6	1	0	33	0	0	0	0	0	0	6	4	1	100	0	0
17084	Jadeitowe Kolczyki+4	2	6	1	0	33	0	0	0	0	0	0	6	5	1	150	0	0
17085	Jadeitowe Kolczyki+5	2	6	1	0	33	0	0	0	0	0	0	6	6	1	250	0	0
17086	Jadeitowe Kolczyki+6	2	6	1	0	33	0	0	0	0	0	0	6	7	1	400	0	0
17087	Jadeitowe Kolczyki+7	2	6	1	256	33	0	0	0	0	0	0	6	8	1	650	0	0
17088	Jadeitowe Kolczyki+8	2	6	1	256	33	0	0	0	0	0	0	6	10	1	1000	0	0
17089	Jadeitowe Kolczyki+9	2	6	1	256	33	0	0	0	0	0	0	6	12	1	1650	0	0
17100	Ebonitowe Kolczyki+0	2	6	1	0	33	0	0	0	0	0	0	5	1	1	25	0	0
17101	Ebonitowe Kolczyki+1	2	6	1	0	33	0	0	0	0	0	0	5	2	1	40	0	0
17102	Ebonitowe Kolczyki+2	2	6	1	0	33	0	0	0	0	0	0	5	3	1	60	0	0
17103	Ebonitowe Kolczyki+3	2	6	1	0	33	0	0	0	0	0	0	5	4	1	100	0	0
17104	Ebonitowe Kolczyki+4	2	6	1	0	33	0	0	0	0	0	0	5	5	1	150	0	0
17105	Ebonitowe Kolczyki+5	2	6	1	0	33	0	0	0	0	0	0	5	6	1	250	0	0
17106	Ebonitowe Kolczyki+6	2	6	1	0	33	0	0	0	0	0	0	5	7	1	400	0	0
17107	Ebonitowe Kolczyki+7	2	6	1	256	33	0	0	0	0	0	0	5	8	1	650	0	0
17108	Ebonitowe Kolczyki+8	2	6	1	256	33	0	0	0	0	0	0	5	10	1	1000	0	0
17109	Ebonitowe Kolczyki+9	2	6	1	256	33	0	0	0	0	0	0	5	12	1	1650	0	0
17120	Perłowe Kolczyki+0	2	6	1	0	38	0	0	0	0	0	0	207	1	1	25	0	0
17121	Perłowe Kolczyki+1	2	6	1	0	38	0	0	0	0	0	0	207	1	1	40	0	0
17122	Perłowe Kolczyki+2	2	6	1	0	38	0	0	0	0	0	0	207	1	1	60	0	0
17123	Perłowe Kolczyki+3	2	6	1	0	38	0	0	0	0	0	0	207	2	1	100	0	0
17124	Perłowe Kolczyki+4	2	6	1	0	38	0	0	0	0	0	0	207	2	1	150	0	0
17125	Perłowe Kolczyki+5	2	6	1	0	38	0	0	0	0	0	0	207	3	1	250	0	0
17126	Perłowe Kolczyki+6	2	6	1	0	38	0	0	0	0	0	0	207	4	1	400	0	0
17127	Perłowe Kolczyki+7	2	6	1	256	38	0	0	0	0	0	0	207	5	1	650	0	0
17128	Perłowe Kolczyki+8	2	6	1	256	38	0	0	0	0	0	0	207	6	1	1000	0	0
17129	Perłowe Kolczyki+9	2	6	1	256	38	0	0	0	0	0	0	207	7	1	1650	0	0
17140	Kolczyki Z Biał. Złota+0	2	6	1	0	33	0	0	0	0	0	0	4	1	1	25	0	0
17141	Kolczyki Z Biał. Złota+1	2	6	1	0	33	0	0	0	0	0	0	4	2	1	40	0	0
17142	Kolczyki Z Biał. Złota+2	2	6	1	0	33	0	0	0	0	0	0	4	3	1	60	0	0
17143	Kolczyki Z Biał. Złota+3	2	6	1	0	33	0	0	0	0	0	0	4	4	1	100	0	0
17144	Kolczyki Z Biał. Złota+4	2	6	1	0	33	0	0	0	0	0	0	4	5	1	150	0	0
17145	Kolczyki Z Biał. Złota+5	2	6	1	0	33	0	0	0	0	0	0	4	6	1	250	0	0
17146	Kolczyki Z Biał. Złota+6	2	6	1	0	33	0	0	0	0	0	0	4	7	1	400	0	0
17147	Kolczyki Z Biał. Złota+7	2	6	1	256	33	0	0	0	0	0	0	4	8	1	650	0	0
17148	Kolczyki Z Biał. Złota+8	2	6	1	256	33	0	0	0	0	0	0	4	10	1	1000	0	0
17149	Kolczyki Z Biał. Złota+9	2	6	1	256	33	0	0	0	0	0	0	4	12	1	1650	0	0
17160	Kryształowe Kolczyki+0	2	6	1	0	54	0	0	0	0	0	0	6	1	1	25	15	1
17161	Kryształowe Kolczyki+1	2	6	1	0	54	0	0	0	0	0	0	6	2	1	45	15	1
17162	Kryształowe Kolczyki+2	2	6	1	0	54	0	0	0	0	0	0	6	3	1	65	15	2
17163	Kryształowe Kolczyki+3	2	6	1	0	54	0	0	0	0	0	0	6	4	1	110	15	2
17164	Kryształowe Kolczyki+4	2	6	1	0	54	0	0	0	0	0	0	6	5	1	165	15	2
17165	Kryształowe Kolczyki+5	2	6	1	0	54	0	0	0	0	0	0	6	6	1	270	15	3
17166	Kryształowe Kolczyki+6	2	6	1	0	54	0	0	0	0	0	0	6	7	1	440	15	3
17167	Kryształowe Kolczyki+7	2	6	1	256	54	0	0	0	0	0	0	6	9	1	720	15	4
17168	Kryształowe Kolczyki+8	2	6	1	256	54	0	0	0	0	0	0	6	11	1	1100	15	4
17169	Kryształowe Kolczyki+9	2	6	1	256	54	0	0	0	0	0	0	6	14	1	1800	15	5
17180	Ametystowe Kolczyki+0	2	6	1	0	54	0	0	0	0	0	0	5	1	1	25	15	1
17181	Ametystowe Kolczyki+1	2	6	1	0	54	0	0	0	0	0	0	5	2	1	45	15	1
17182	Ametystowe Kolczyki+2	2	6	1	0	54	0	0	0	0	0	0	5	3	1	65	15	2
17183	Ametystowe Kolczyki+3	2	6	1	0	54	0	0	0	0	0	0	5	4	1	110	15	2
17184	Ametystowe Kolczyki+4	2	6	1	0	54	0	0	0	0	0	0	5	5	1	165	15	2
17185	Ametystowe Kolczyki+5	2	6	1	0	54	0	0	0	0	0	0	5	6	1	270	15	3
17186	Ametystowe Kolczyki+6	2	6	1	0	54	0	0	0	0	0	0	5	7	1	440	15	3
17187	Ametystowe Kolczyki+7	2	6	1	256	54	0	0	0	0	0	0	5	9	1	720	15	4
17188	Ametystowe Kolczyki+8	2	6	1	256	54	0	0	0	0	0	0	5	11	1	1100	15	4
17189	Ametystowe Kolczyki+9	2	6	1	256	54	0	0	0	0	0	0	5	14	1	1800	15	5
17200	Kolczyki Z Niebiań.Łez+0	2	6	1	0	54	0	0	0	0	0	0	4	1	1	25	15	1
17201	Kolczyki Z Niebiań.Łez+1	2	6	1	0	54	0	0	0	0	0	0	4	2	1	45	15	1
17202	Kolczyki Z Niebiań.Łez+2	2	6	1	0	54	0	0	0	0	0	0	4	3	1	65	15	2
17203	Kolczyki Z Niebiań.Łez+3	2	6	1	0	54	0	0	0	0	0	0	4	4	1	110	15	2
17204	Kolczyki Z Niebiań.Łez+4	2	6	1	0	54	0	0	0	0	0	0	4	5	1	165	15	2
17205	Kolczyki Z Niebiań.Łez+5	2	6	1	0	54	0	0	0	0	0	0	4	6	1	270	15	3
17206	Kolczyki Z Niebiań.Łez+6	2	6	1	0	54	0	0	0	0	0	0	4	7	1	440	15	3
17207	Kolczyki Z Niebiań.Łez+7	2	6	1	256	54	0	0	0	0	0	0	4	9	1	720	15	4
17208	Kolczyki Z Niebiań.Łez+8	2	6	1	256	54	0	0	0	0	0	0	4	11	1	1100	15	4
17209	Kolczyki Z Niebiań.Łez+9	2	6	1	256	54	0	0	0	0	0	0	4	14	1	1800	15	5
25040	Zwój Błogosławieństwa	3	2	1	0	0	0	0	0	0	0	0	0	0	0	0	0	0
25041	Magiczny Kamień	3	2	1	0	0	0	0	0	0	0	0	0	0	0	0	0	0
25042	Zwój Boga Smoków	3	2	1	0	0	0	0	0	0	0	0	0	0	0	0	0	0
25043	Podręcznik Kowala	3	2	1	0	0	0	0	0	0	0	0	0	0	0	0	0	0
25044	Zwój Wojny	3	2	1	0	0	0	0	0	0	0	0	0	0	0	0	0	0
25045	Zwój Błogosławieństwa	3	2	1	221568	0	0	0	0	0	0	0	0	0	0	0	0	0
25046	Magiczny Kamień	3	2	1	221568	0	0	0	0	0	0	0	0	0	0	0	0	0
25047	Zwój Boga Smoków	3	2	1	221568	0	0	0	0	0	0	0	0	0	0	0	0	0
25048	Podręcznik Kowala	3	2	1	221568	0	0	0	0	0	0	0	0	0	0	0	0	0
25049	Zwój Wojny	3	2	1	221568	0	0	0	0	0	0	0	0	0	0	0	0	0
25100	Zwój Kamienia Duszy	3	14	1	0	0	0	0	0	0	0	0	0	0	0	0	0	0
27001	Czerwona Mikstura(M)	3	0	1	0	0	0	0	0	0	0	0	0	0	0	0	0	0
27002	Czerwona Mikstura(Ś)	3	0	1	0	0	0	0	0	0	0	0	0	0	0	0	0	0
27003	Czerwona Mikstura(D)	3	0	1	0	0	0	0	0	0	0	0	0	0	0	0	0	0
27004	Niebieska Mikstura(M)	3	0	1	0	0	0	0	0	0	0	0	0	0	0	0	0	0
27005	Niebieska Mikstura(Ś)	3	0	1	0	0	0	0	0	0	0	0	0	0	0	0	0	0
27006	Niebieska Mikstura(D)	3	0	1	0	0	0	0	0	0	0	0	0	0	0	0	0	0
27051	Czerwona Mikstura(M)	3	0	1	221568	0	0	0	0	0	0	0	0	0	0	0	0	0
27052	Niebieska Mikstura(M)	3	0	1	221568	0	0	0	0	0	0	0	0	0	0	0	0	0
27053	Zielona Mikstura(M)	3	7	1	221568	0	0	0	0	0	0	0	0	0	0	0	0	0
27054	Fioletowa Mikstura(M)	3	7	1	221568	0	0	0	0	0	0	0	0	0	0	0	0	0
27100	Zielona Mikstura(M)	3	7	1	0	0	0	0	0	0	0	0	0	0	0	0	0	0
27101	Zielona Mikstura(Ś)	3	7	1	0	0	0	0	0	0	0	0	0	0	0	0	0	0
27102	Zielona Mikstura(D)	3	7	1	0	0	0	0	0	0	0	0	0	0	0	0	0	0
27103	Fioletowa Mikstura(M)	3	7	1	0	0	0	0	0	0	0	0	0	0	0	0	0	0
27104	Fioletowa Mikstura(Ś)	3	7	1	0	0	0	0	0	0	0	0	0	0	0	0	0	0
27105	Fioletowa Mikstura(D)	3	7	1	0	0	0	0	0	0	0	0	0	0	0	0	0	0
27110	Zielona Mikstura(M)	3	7	1	221568	0	0	0	0	0	0	0	0	0	0	0	0	0
27111	Zielona Mikstura(Ś)	3	7	1	221568	0	0	0	0	0	0	0	0	0	0	0	0	0
27112	Zielona Mikstura(D)	3	7	1	221568	0	0	0	0	0	0	0	0	0	0	0	0	0
27113	Fioletowa Mikstura(M)	3	7	1	221568	0	0	0	0	0	0	0	0	0	0	0	0	0
27114	Fioletowa Mikstura(Ś)	3	7	1	221568	0	0	0	0	0	0	0	0	0	0	0	0	0
27115	Fioletowa Mikstura(D)	3	7	1	221568	0	0	0	0	0	0	0	0	0	0	0	0	0
27400	Wędka+0	13	0	3	524544	35	0	0	0	0	0	0	0	0	0	0	0	0
27410	Wędka+1	13	0	3	524544	40	0	0	0	0	0	0	0	0	0	0	0	0
27420	Wędka+2	13	0	3	524544	45	0	0	0	0	0	0	0	0	0	0	0	0
27430	Wędka+3	13	0	3	524544	45	0	0	0	0	0	0	0	0	0	0	0	0
27440	Wędka+4	13	0	3	524544	50	0	0	0	0	0	0	0	0	0	0	0	0
27450	Wędka+5	13	0	3	524544	55	0	0	0	0	0	0	0	0	0	0	0	0
27460	Wędka+6	13	0	3	524544	60	0	0	0	0	0	0	0	0	0	0	0	0
27470	Wędka+7	13	0	3	524544	65	0	0	0	0	0	0	122	1	0	0	0	0
27480	Wędka+8	13	0	3	524544	70	0	0	0	0	0	0	122	2	0	0	0	0
27490	Wędka+9	13	0	3	524544	75	0	0	0	0	0	0	122	3	0	0	0	0
27600	Wysuszone Drzewo	15	0	1	0	0	0	0	0	0	0	0	0	0	0	0	0	0
27610	Kula Rybaka	3	39	1	0	0	0	0	0	0	0	0	0	0	0	0	0	0
27799	Rybia Ość	14	0	1	0	0	0	0	0	0	0	0	0	0	0	0	0	0
27800	Papka	3	6	1	0	0	0	0	0	0	0	0	0	0	0	0	0	0
27801	Robak	3	6	1	0	0	0	0	0	0	0	0	0	0	0	0	0	0
27802	Drobne Ryby	3	6	1	0	0	0	0	0	0	0	0	121	3	0	0	0	0
27803	Karaś	23	0	1	0	0	0	0	0	0	0	0	0	0	0	0	0	0
27804	Ryba Mandaryna	23	0	1	0	0	0	0	0	0	0	0	0	0	0	0	0	0
27805	Duży Karaś	23	0	1	0	0	0	0	0	0	0	0	0	0	0	0	0	0
27806	Karp	23	0	1	0	0	0	0	0	0	0	0	0	0	0	0	0	0
27807	Łosoś	23	0	1	0	0	0	0	0	0	0	0	0	0	0	0	0	0
27808	Amur	23	0	1	0	0	0	0	0	0	0	0	0	0	0	0	0	0
27809	Pstrąg	23	0	1	0	0	0	0	0	0	0	0	0	0	0	0	0	0
27810	Węgorz	23	0	1	0	0	0	0	0	0	0	0	0	0	0	0	0	0
27811	Okoń	23	0	1	0	0	0	0	0	0	0	0	0	0	0	0	0	0
27812	Złoty Karaś	23	0	1	0	0	0	0	0	0	0	0	0	0	0	0	0	0
27813	Krasnopiórka	23	0	1	0	0	0	0	0	0	0	0	0	0	0	0	0	0
27814	Ryba Lotosu	23	0	1	0	0	0	0	0	0	0	0	0	0	0	0	0	0
27815	Sum	23	0	1	0	0	0	0	0	0	0	0	0	0	0	0	0	0
27816	Tenchi	23	0	1	0	0	0	0	0	0	0	0	0	0	0	0	0	0
27833	Martwy Karaś	12	1	1	0	0	0	0	0	0	0	0	0	0	0	0	0	0
27834	Martwa Ryba Mandaryna	12	1	1	0	0	0	0	0	0	0	0	0	0	0	0	0	0
27835	Martwy Duży Karaś	12	1	1	0	0	0	0	0	0	0	0	0	0	0	0	0	0
27836	Martwy Karp	12	1	1	0	0	0	0	0	0	0	0	0	0	0	0	0	0
27837	Martwy Łosoś	12	1	1	0	0	0	0	0	0	0	0	0	0	0	0	0	0
27838	Martwy Amur	12	1	1	0	0	0	0	0	0	0	0	0	0	0	0	0	0
27839	Martwy Pstrąg	12	1	1	0	0	0	0	0	0	0	0	0	0	0	0	0	0
27840	Martwy Węgorz	12	1	1	0	0	0	0	0	0	0	0	0	0	0	0	0	0
27841	Martwy Okoń	12	1	1	0	0	0	0	0	0	0	0	0	0	0	0	0	0
27842	Martwy Złoty Karaś	12	1	1	0	0	0	0	0	0	0	0	0	0	0	0	0	0
27843	Martwa Krasnopiórka	12	1	1	0	0	0	0	0	0	0	0	0	0	0	0	0	0
27844	Martwa Ryba Lotosu	12	1	1	0	0	0	0	0	0	0	0	0	0	0	0	0	0
27845	Martwy Sum	12	1	1	0	0	0	0	0	0	0	0	0	0	0	0	0	0
27846	Martwa Tenchi	12	1	1	0	0	0	0	0	0	0	0	0	0	0	0	0	0
27863	Pieczony Karaś	12	2	1	0	0	0	0	0	0	0	0	27	3	0	0	0	0
27864	Pieczona Ryba Mandaryna	12	2	1	0	0	0	0	0	0	0	0	28	3	0	0	0	0
27865	Pieczony Duży Karaś	12	2	1	0	0	0	0	0	0	0	0	66	10	0	0	0	0
27866	Pieczony Karp	12	2	1	0	0	0	0	0	0	0	0	8	15	0	0	0	0
27867	Pieczony Łosoś	12	2	1	0	0	0	0	0	0	0	0	7	15	0	0	0	0
27868	Pieczony Amur	12	2	1	0	0	0	0	0	0	0	0	16	4	0	0	0	0
27869	Pieczony Pstrąg	12	2	1	0	0	0	0	0	0	0	0	71	2	0	0	0	0
27870	Pieczony Węgorz	12	2	1	0	0	0	0	0	0	0	0	5	8	0	0	0	0
27871	Pieczony Okoń	3	12	1	0	0	0	0	0	0	0	0	0	0	0	0	0	0
27872	Pieczony Złoty Karaś	12	2	1	0	0	0	0	0	0	0	0	66	30	0	0	0	0
27873	Pieczona Krasnopiórka	12	2	1	0	0	0	0	0	0	0	0	15	4	0	0	0	0
27874	Pieczona Ryba Lotosu	12	2	1	0	0	0	0	0	0	0	0	86	4	0	0	0	0
27875	Pieczony Sum	12	2	1	0	0	0	0	0	0	0	0	6	8	0	0	0	0
27876	Pieczona Tenchi	12	2	1	0	0	0	0	0	0	0	0	4	8	0	0	0	0
27987	Małż	23	0	1	0	0	0	0	0	0	0	0	0	0	0	0	0	0
27988	Część Mapy Skarbów	5	0	1	256	0	0	0	0	0	0	0	0	0	0	0	0	0
27992	Biała Perła	5	0	1	0	0	0	0	0	0	0	0	0	0	0	0	0	0
27993	Niebieska Perła	5	0	1	0	0	0	0	0	0	0	0	0	0	0	0	0	0
27994	Krwawa Perła	5	0	1	0	0	0	0	0	0	0	0	0	0	0	0	0	0
27995	Pusta Butelka	6	0	1	0	0	0	0	0	0	0	0	0	0	0	0	0	0
28030	Kamień Duszy Penetr.+0	10	0	1	0	0	0	0	0	0	0	0	16	1	0	0	0	0
28031	Kamień Duszy Śmierci+0	10	0	1	0	0	0	0	0	0	0	0	15	1	0	0	0	0
28032	Kamień Duszy Powtórki+0	10	0	1	0	0	0	0	0	0	0	0	9	5	0	0	0	0
28033	Kamień Duszy Wojownika+0	10	0	1	0	0	0	0	0	0	0	0	59	5	0	0	0	0
28034	Kamień Duszy Ninja+0	10	0	1	0	0	0	0	0	0	0	0	60	5	0	0	0	0
28035	Kamień Duszy Sury+0	10	0	1	0	0	0	0	0	0	0	0	61	5	0	0	0	0
28036	Kamień Duszy Szamana+0	10	0	1	0	0	0	0	0	0	0	0	62	5	0	0	0	0
28037	Kamień Duszy Potwora+0	10	0	1	0	0	0	0	0	0	0	0	63	1	0	0	0	0
28038	Kamień Duszy Uchylenia+0	10	0	1	0	0	0	0	0	0	0	0	27	1	0	0	0	0
28039	Kamień Duszy Uniku+0	10	0	1	0	0	0	0	0	0	0	0	28	1	0	0	0	0
28040	Kamień Duszy Magii+0	10	0	1	0	0	0	0	0	0	0	0	37	1	0	0	0	0
28041	Kamień Witalności+0	10	0	1	0	0	0	0	0	0	0	0	1	50	0	0	0	0
28042	Kamień Duszy Obrony+0	10	0	1	0	0	0	0	0	0	0	0	54	5	0	0	0	0
28043	Kamień Duszy Przysp.+0	10	0	1	0	0	0	0	0	0	0	0	8	5	0	0	0	0
28130	Kamień Duszy Penetr.+1	10	0	1	0	0	0	0	0	0	0	0	16	2	0	0	0	0
28131	Kamień Duszy Śmierci+1	10	0	1	0	0	0	0	0	0	0	0	15	2	0	0	0	0
28132	Kamień Duszy Powtórki+1	10	0	1	0	0	0	0	0	0	0	0	9	7	0	0	0	0
28133	Kamień Duszy Wojownika+1	10	0	1	0	0	0	0	0	0	0	0	59	7	0	0	0	0
28134	Kamień Duszy Ninja+1	10	0	1	0	0	0	0	0	0	0	0	60	7	0	0	0	0
28135	Kamień Duszy Sury+1	10	0	1	0	0	0	0	0	0	0	0	61	7	0	0	0	0
28136	Kamień Duszy Szamana+1	10	0	1	0	0	0	0	0	0	0	0	62	7	0	0	0	0
28137	Kamień Duszy Potwora+1	10	0	1	0	0	0	0	0	0	0	0	63	2	0	0	0	0
28138	Kamień Duszy Uchylenia+1	10	0	1	0	0	0	0	0	0	0	0	27	2	0	0	0	0
28139	Kamień Duszy Uniku+1	10	0	1	0	0	0	0	0	0	0	0	28	2	0	0	0	0
28140	Kamień Duszy Magii+1	10	0	1	0	0	0	0	0	0	0	0	37	2	0	0	0	0
28141	Kamień Witalności+1	10	0	1	0	0	0	0	0	0	0	0	1	100	0	0	0	0
28142	Kamień Duszy Obrony+1	10	0	1	0	0	0	0	0	0	0	0	54	10	0	0	0	0
28143	Kamień Duszy Przysp.+1	10	0	1	0	0	0	0	0	0	0	0	8	10	0	0	0	0
28230	Kamień Duszy Penetr.+2	10	0	1	0	0	0	0	0	0	0	0	16	3	0	0	0	0
28231	Kamień Duszy Śmierci+2	10	0	1	0	0	0	0	0	0	0	0	15	3	0	0	0	0
28232	Kamień Duszy Powtórki+2	10	0	1	0	0	0	0	0	0	0	0	9	10	0	0	0	0
28233	Kamień Duszy Wojownika+2	10	0	1	0	0	0	0	0	0	0	0	59	10	0	0	0	0
28234	Kamień Duszy Ninja+2	10	0	1	0	0	0	0	0	0	0	0	60	10	0	0	0	0
28235	Kamień Duszy Sury+2	10	0	1	0	0	0	0	0	0	0	0	61	10	0	0	0	0
28236	Kamień Duszy Szamana+2	10	0	1	0	0	0	0	0	0	0	0	62	10	0	0	0	0
28237	Kamień Duszy Potwora+2	10	0	1	0	0	0	0	0	0	0	0	63	3	0	0	0	0
28238	Kamień Duszy Uchylenia+2	10	0	1	0	0	0	0	0	0	0	0	27	3	0	0	0	0
28239	Kamień Duszy Uniku+2	10	0	1	0	0	0	0	0	0	0	0	28	3	0	0	0	0
28240	Kamień Duszy Magii+2	10	0	1	0	0	0	0	0	0	0	0	37	3	0	0	0	0
28241	Kamień Witalności+2	10	0	1	0	0	0	0	0	0	0	0	1	250	0	0	0	0
28242	Kamień Duszy Obrony+2	10	0	1	0	0	0	0	0	0	0	0	54	15	0	0	0	0
28243	Kamień Duszy Przysp.+2	10	0	1	0	0	0	0	0	0	0	0	8	15	0	0	0	0
28330	Kamień Duszy Penetr.+3	10	0	1	0	0	0	0	0	0	0	0	16	5	0	0	0	0
28331	Kamień Duszy Śmierci+3	10	0	1	0	0	0	0	0	0	0	0	15	5	0	0	0	0
28332	Kamień Duszy Powtórki+3	10	0	1	0	0	0	0	0	0	0	0	9	14	0	0	0	0
28333	Kamień Duszy Wojownika+3	10	0	1	0	0	0	0	0	0	0	0	59	14	0	0	0	0
28334	Kamień Duszy Ninja+3	10	0	1	0	0	0	0	0	0	0	0	60	14	0	0	0	0
28335	Kamień Duszy Sury+3	10	0	1	0	0	0	0	0	0	0	0	61	14	0	0	0	0
28336	Kamień Duszy Szamana+3	10	0	1	0	0	0	0	0	0	0	0	62	14	0	0	0	0
28337	Kamień Duszy Potwora+3	10	0	1	0	0	0	0	0	0	0	0	63	5	0	0	0	0
28338	Kamień Duszy Uchylenia+3	10	0	1	0	0	0	0	0	0	0	0	27	5	0	0	0	0
28339	Kamień Duszy Uniku+3	10	0	1	0	0	0	0	0	0	0	0	28	5	0	0	0	0
28340	Kamień Duszy Magii+3	10	0	1	0	0	0	0	0	0	0	0	37	6	0	0	0	0
28341	Kamień Witalności+3	10	0	1	0	0	0	0	0	0	0	0	1	450	0	0	0	0
28342	Kamień Duszy Obrony+3	10	0	1	0	0	0	0	0	0	0	0	54	20	0	0	0	0
28343	Kamień Duszy Przysp.+3	10	0	1	0	0	0	0	0	0	0	0	8	20	0	0	0	0
28430	Kamień Duszy Penetr.+4	10	0	1	0	0	0	0	0	0	0	0	16	8	0	0	0	0
28431	Kamień Duszy Śmierci+4	10	0	1	0	0	0	0	0	0	0	0	15	8	0	0	0	0
28432	Kamień Duszy Powtórki+4	10	0	1	0	0	0	0	0	0	0	0	9	20	0	0	0	0
28433	Kamień Duszy Wojownika+4	10	0	1	0	0	0	0	0	0	0	0	59	20	0	0	0	0
28434	Kamień Duszy Ninja+4	10	0	1	0	0	0	0	0	0	0	0	60	20	0	0	0	0
28435	Kamień Duszy Sury+4	10	0	1	0	0	0	0	0	0	0	0	61	20	0	0	0	0
28436	Kamień Duszy Szamana+4	10	0	1	0	0	0	0	0	0	0	0	62	20	0	0	0	0
28437	Kamień Duszy Potwora+4	10	0	1	0	0	0	0	0	0	0	0	63	8	0	0	0	0
28438	Kamień Duszy Uchylenia+4	10	0	1	0	0	0	0	0	0	0	0	27	8	0	0	0	0
28439	Kamień Duszy Uniku+4	10	0	1	0	0	0	0	0	0	0	0	28	8	0	0	0	0
28440	Kamień Duszy Magii+4	10	0	1	0	0	0	0	0	0	0	0	37	10	0	0	0	0
28441	Kamień Witalności+4	10	0	1	0	0	0	0	0	0	0	0	1	800	0	0	0	0
28442	Kamień Duszy Obrony+4	10	0	1	0	0	0	0	0	0	0	0	54	35	0	0	0	0
28443	Kamień Duszy Przysp.+4	10	0	1	0	0	0	0	0	0	0	0	8	25	0	0	0	0
28960	Kawałek Pęknięt. Kam.	10	0	1	0	0	0	0	0	0	0	0	0	0	0	0	0	0
29101	Kilof+0	24	0	2	524544	30	0	0	0	0	0	0	0	0	0	0	0	0
29102	Kilof+1	24	0	2	524544	35	0	0	0	0	0	0	0	0	0	0	0	0
29103	Kilof+2	24	0	2	524544	40	0	0	0	0	0	0	0	0	0	0	0	0
29104	Kilof+3	24	0	2	524544	45	0	0	0	0	0	0	0	0	0	0	0	0
29105	Kilof+4	24	0	2	524544	50	0	0	0	0	0	0	0	0	0	0	0	0
29106	Kilof+5	24	0	2	524544	55	0	0	0	0	0	0	0	0	0	0	0	0
29107	Kilof+6	24	0	2	524544	60	0	0	0	0	0	0	0	0	0	0	0	0
29108	Kilof+7	24	0	2	524544	65	0	0	0	0	0	0	127	1	0	0	0	0
29109	Kilof+8	24	0	2	524544	70	0	0	0	0	0	0	127	2	0	0	0	0
29110	Kilof+9	24	0	2	524544	75	0	0	0	0	0	0	127	3	0	0	0	0
29201	Sierp+0	70	0	1	256	30	0	0	0	0	0	0	212	50	214	3	0	0
29202	Sierp+1	70	0	1	256	30	0	0	0	0	0	0	212	52	214	3	0	0
29203	Sierp+2	70	0	1	256	30	0	0	0	0	0	0	212	54	214	4	0	0
29204	Sierp+3	70	0	1	256	30	0	0	0	0	0	0	212	56	214	4	0	0
29205	Sierp+4	70	0	1	256	30	0	0	0	0	0	0	212	58	214	5	0	0
29206	Sierp+5	70	0	1	256	30	0	0	0	0	0	0	212	60	214	5	0	0
29207	Sierp+6	70	0	1	256	30	0	0	0	0	0	0	212	63	214	5	0	0
29208	Sierp+7	70	0	1	256	35	0	0	0	0	0	0	212	66	214	5	213	3
29209	Sierp+8	70	0	1	256	40	0	0	0	0	0	0	212	70	214	5	213	6
29210	Sierp+9	70	0	1	256	45	0	0	0	0	0	0	212	75	214	5	213	10
30000	Jęczmień	5	0	1	0	0	0	0	0	0	0	0	0	0	0	0	0	0
30001	List	5	0	1	221568	0	0	0	0	0	0	0	0	0	0	0	0	0
30002	Pieczona Kiełbasa	5	0	1	221568	0	0	0	0	0	0	0	0	0	0	0	0	0
30003	Nos Świni	5	0	1	0	0	0	0	0	0	0	0	0	0	0	0	0	0
30004	Ząb Dzika	5	0	1	0	0	0	0	0	0	0	0	0	0	0	0	0	0
30005	Kawałek Zepsutej Zbroi	5	0	1	0	0	0	0	0	0	0	0	0	0	0	0	0	0
30006	Ząb Orka	5	0	1	0	0	0	0	0	0	0	0	0	0	0	0	0	0
30007	Amulet Orka	5	0	1	0	0	0	0	0	0	0	0	0	0	0	0	0	0
30008	Ezoteryczny Przewodnik	5	0	1	0	0	0	0	0	0	0	0	0	0	0	0	0	0
30009	Nieznane Lekarstwo	5	0	1	0	0	0	0	0	0	0	0	0	0	0	0	0	0
30010	Żółć Niedźwiedzia	5	0	1	0	0	0	0	0	0	0	0	0	0	0	0	0	0
30011	Kłąb	5	0	1	0	0	0	0	0	0	0	0	0	0	0	0	0	0
30012	Butelka Wina	5	0	1	221568	0	0	0	0	0	0	0	0	0	0	0	0	0
30013	Dzban Likieru	5	0	1	221568	0	0	0	0	0	0	0	0	0	0	0	0	0
30014	Futro Yeti	5	0	1	0	0	0	0	0	0	0	0	0	0	0	0	0	0
30015	Pamiątka Po Demonie	5	0	1	0	0	0	0	0	0	0	0	0	0	0	0	0	0
30016	Klejnot Demona	5	0	1	0	0	0	0	0	0	0	0	0	0	0	0	0	0
30017	Ozdobna Spinka Do Włosów	5	0	1	0	0	0	0	0	0	0	0	0	0	0	0	0	0
30018	Czerwona Wstęga	5	0	1	0	0	0	0	0	0	0	0	0	0	0	0	0	0
30019	Płonąca Grzywa	5	0	1	0	0	0	0	0	0	0	0	0	0	0	0	0	0
30020	Nasionko Brzoskwini	5	0	1	221568	0	0	0	0	0	0	0	0	0	0	0	0	0
30021	Kawałek Klejnotu	5	0	1	0	0	0	0	0	0	0	0	0	0	0	0	0	0
30022	Ogon Węża	5	0	1	0	0	0	0	0	0	0	0	0	0	0	0	0	0
30023	Futro Białego Tygrysa	5	0	1	0	0	0	0	0	0	0	0	0	0	0	0	0	0
30024	Ogon Konia	5	0	1	221568	0	0	0	0	0	0	0	0	0	0	0	0	0
30025	Worek z Pajęczą Trucizną	5	0	1	0	0	0	0	0	0	0	0	0	0	0	0	0	0
30026	Kiszka Wilka	5	0	1	0	0	0	0	0	0	0	0	0	0	0	0	0	0
30027	Futro Wilka	5	0	1	0	0	0	0	0	0	0	0	0	0	0	0	0	0
30028	Szpon Wilka	5	0	1	0	0	0	0	0	0	0	0	0	0	0	0	0	0
30029	Wątroba Wilka	5	0	1	221568	0	0	0	0	0	0	0	0	0	0	0	0	0
30030	Zardzewiałe Ostrze	5	0	1	0	0	0	0	0	0	0	0	0	0	0	0	0	0
30031	Ornament	5	0	1	0	0	0	0	0	0	0	0	0	0	0	0	0	0
30032	Czarny Uniform	5	0	1	0	0	0	0	0	0	0	0	0	0	0	0	0	0
30033	Stłuczona Porcelana	5	0	1	0	0	0	0	0	0	0	0	0	0	0	0	0	0
30034	Biała Wstęga	5	0	1	0	0	0	0	0	0	0	0	0	0	0	0	0	0
30035	Krem Do Twarzy	5	0	1	0	0	0	0	0	0	0	0	0	0	0	0	0	0
30036	Mistyczne Zioło	5	0	1	221568	0	0	0	0	0	0	0	0	0	0	0	0	0
30037	Szpon Tygrysa	5	0	1	0	0	0	0	0	0	0	0	0	0	0	0	0	0
30038	Skóra Tygrysa	5	0	1	0	0	0	0	0	0	0	0	0	0	0	0	0	0
30039	Kawałek Płótna	5	0	1	0	0	0	0	0	0	0	0	0	0	0	0	0	0
30040	Liść	5	0	1	0	0	0	0	0	0	0	0	0	0	0	0	0	0
30041	Shuriken	5	0	1	0	0	0	0	0	0	0	0	0	0	0	0	0	0
30042	Pazur Tygrysa	5	0	1	0	0	0	0	0	0	0	0	0	0	0	0	0	0
30043	Fasola	5	0	1	0	0	0	0	0	0	0	0	0	0	0	0	0	0
30044	Glina	5	0	1	0	0	0	0	0	0	0	0	0	0	0	0	0	0
30045	Igła Skorpiona	5	0	1	0	0	0	0	0	0	0	0	0	0	0	0	0	0
30046	Ogon Skorpiona	5	0	1	0	0	0	0	0	0	0	0	0	0	0	0	0	0
30047	Księga Klątw	5	0	1	0	0	0	0	0	0	0	0	0	0	0	0	0	0
30048	Kawałek Lodu	5	0	1	0	0	0	0	0	0	0	0	0	0	0	0	0	0
30049	Lodowy Róg Wieloryba	5	0	1	0	0	0	0	0	0	0	0	0	0	0	0	0	0
30050	Matowy Lód	5	0	1	0	0	0	0	0	0	0	0	0	0	0	0	0	0
30051	Nieznany Talizman	5	0	1	0	0	0	0	0	0	0	0	0	0	0	0	0	0
30052	Flaga	5	0	1	0	0	0	0	0	0	0	0	0	0	0	0	0	0
30053	Niedźwiedzia Skóra	5	0	1	0	0	0	0	0	0	0	0	0	0	0	0	0	0
30054	Obrączka Ślubna	5	0	1	221568	0	0	0	0	0	0	0	0	0	0	0	0	0
30055	Szpon Skorpiona	5	0	1	0	0	0	0	0	0	0	0	0	0	0	0	0	0
30056	Pajęcza Sieć	5	0	1	0	0	0	0	0	0	0	0	0	0	0	0	0	0
30057	Oczy Pająka	5	0	1	0	0	0	0	0	0	0	0	0	0	0	0	0	0
30058	Worek Z Pajęcz. Jajami	5	0	1	0	0	0	0	0	0	0	0	0	0	0	0	0	0
30059	Nogi Pająka	5	0	1	0	0	0	0	0	0	0	0	0	0	0	0	0	0
30060	Język Żaby	5	0	1	0	0	0	0	0	0	0	0	0	0	0	0	0	0
30061	Żabie Udka	5	0	1	0	0	0	0	0	0	0	0	0	0	0	0	0	0
30062	Czara Lekarstwa	5	0	1	221568	0	0	0	0	0	0	0	0	0	0	0	0	0
30063	Lekarstwo Na Skórę	5	0	1	221568	0	0	0	0	0	0	0	0	0	0	0	0	0
30064	Ostry Kamień	5	0	1	221568	0	0	0	0	0	0	0	0	0	0	0	0	0
30065	Dzwonek	5	0	1	221568	0	0	0	0	0	0	0	0	0	0	0	0	0
30066	Ostry Pieprz	5	0	1	221568	0	0	0	0	0	0	0	0	0	0	0	0	0
30067	Skóra Węża	5	0	1	0	0	0	0	0	0	0	0	0	0	0	0	0	0
30068	Stek Z Tofu	5	0	1	221568	0	0	0	0	0	0	0	0	0	0	0	0	0
30069	Szpon Wilka+	5	0	1	0	0	0	0	0	0	0	0	0	0	0	0	0	0
30070	Futro Wilka+	5	0	1	0	0	0	0	0	0	0	0	0	0	0	0	0	0
30071	Żółć Niedźwiedzia+	5	0	1	0	0	0	0	0	0	0	0	0	0	0	0	0	0
30072	Niedźwiedzia Skóra+	5	0	1	0	0	0	0	0	0	0	0	0	0	0	0	0	0
30073	Biała Wstęga+	5	0	1	0	0	0	0	0	0	0	0	0	0	0	0	0	0
30074	Czarny Uniform+	5	0	1	0	0	0	0	0	0	0	0	0	0	0	0	0	0
30075	Shuriken+	5	0	1	0	0	0	0	0	0	0	0	0	0	0	0	0	0
30076	Amulet Orka+	5	0	1	0	0	0	0	0	0	0	0	0	0	0	0	0	0
30077	Ząb Orka+	5	0	1	0	0	0	0	0	0	0	0	0	0	0	0	0	0
30078	Ezoteryczny Przewodnik+	5	0	1	0	0	0	0	0	0	0	0	0	0	0	0	0	0
30079	Nieznany Talizman+	5	0	1	0	0	0	0	0	0	0	0	0	0	0	0	0	0
30080	Księga Klątw+	5	0	1	0	0	0	0	0	0	0	0	0	0	0	0	0	0
30081	Ogon Skorpiona+	5	0	1	0	0	0	0	0	0	0	0	0	0	0	0	0	0
30082	Ogon Węża+	5	0	1	0	0	0	0	0	0	0	0	0	0	0	0	0	0
30083	Nieznane Lekarstwo+	5	0	1	0	0	0	0	0	0	0	0	0	0	0	0	0	0
30084	Nieznany Talizman+*	5	0	1	221568	0	0	0	0	0	0	0	0	0	0	0	0	0
30085	Kawałek Płótna+	5	0	1	0	0	0	0	0	0	0	0	0	0	0	0	0	0
30086	Pamiątka Po Demonie+	5	0	1	0	0	0	0	0	0	0	0	0	0	0	0	0	0
30087	Klejnot Demona+	5	0	1	0	0	0	0	0	0	0	0	0	0	0	0	0	0
30088	Kawałek Lodu+	5	0	1	0	0	0	0	0	0	0	0	0	0	0	0	0	0
30089	Futro Yeti+	5	0	1	0	0	0	0	0	0	0	0	0	0	0	0	0	0
30090	Matowy Lód+	5	0	1	0	0	0	0	0	0	0	0	0	0	0	0	0	0
30091	Symbol Wojownika	5	0	1	0	0	0	0	0	0	0	0	0	0	0	0	0	0
30092	Zdobycz Dzikusa	5	0	1	0	0	0	0	0	0	0	0	0	0	0	0	0	0
30094	Mleczny Sok	5	0	1	0	0	0	0	0	0	0	0	0	0	0	0	0	0
30095	Kość Palca	5	0	1	0	0	0	0	0	0	0	0	0	0	0	0	0	0
30096	Orkowa Maczuga	5	0	1	0	0	0	0	0	0	0	0	0	0	0	0	0	0
30097	Piasek Kwarcowy	5	0	1	0	0	0	0	0	0	0	0	0	0	0	0	0	0
30098	Demoniczne Prochy	5	0	1	0	0	0	0	0	0	0	0	0	0	0	0	0	0
30099	Magiczne Nasiona	5	0	1	0	0	0	0	0	0	0	0	0	0	0	0	0	0
30100	Ozdobna Spinka Do Włosów	5	0	1	221568	0	0	0	0	0	0	0	0	0	0	0	0	0
30101	Obrączka Ariyoung	5	0	1	221568	0	0	0	0	0	0	0	0	0	0	0	0	0
30102	Złoty Topór	5	0	1	221568	0	0	0	0	0	0	0	0	0	0	0	0	0
30103	Smoczy Szpon	5	0	1	0	0	0	0	0	0	0	0	0	0	0	0	0	0
30104	Smocza Łuska	5	0	1	0	0	0	0	0	0	0	0	0	0	0	0	0	0
30105	Wodny Kryształ	5	0	1	0	0	0	0	0	0	0	0	0	0	0	0	0	0
30106	Niebieski Kryształ	5	0	1	0	0	0	0	0	0	0	0	0	0	0	0	0	0
30130	Pusta Butelka	0	0	1	221568	0	0	0	0	0	0	0	0	0	0	0	0	0
30131	List od Kowala	0	0	1	221568	0	0	0	0	0	0	0	0	0	0	0	0	0
30132	Księga Uriela	0	0	1	221568	0	0	0	0	0	0	0	0	0	0	0	0	0
30133	Receptura	0	0	1	221568	0	0	0	0	0	0	0	0	0	0	0	0	0
30134	Przesyłka Uriela	0	0	1	221568	0	0	0	0	0	0	0	0	0	0	0	0	0
30136	Ozdobiony Łuk	0	0	2	221568	0	0	0	0	0	0	0	0	0	0	0	0	0
30137	Krew Małpy	0	0	1	221568	0	0	0	0	0	0	0	0	0	0	0	0	0
30138	Pustynny Piasek	0	0	1	221568	0	0	0	0	0	0	0	0	0	0	0	0	0
30139	Kieł Orka	0	0	1	221568	0	0	0	0	0	0	0	0	0	0	0	0	0
30140	Nici	0	0	1	221568	0	0	0	0	0	0	0	0	0	0	0	0	0
30141	Ozdobny Diament	0	0	1	221568	0	0	0	0	0	0	0	0	0	0	0	0	0
30142	List	0	0	1	221568	0	0	0	0	0	0	0	0	0	0	0	0	0
30143	Zioła Lecznicze	0	0	1	221568	0	0	0	0	0	0	0	0	0	0	0	0	0
30144	Wątroba Tygrysa	0	0	1	221568	0	0	0	0	0	0	0	0	0	0	0	0	0
30146	Kawał Lodu	0	0	1	221568	0	0	0	0	0	0	0	0	0	0	0	0	0
30147	Świątynna Doktryna	0	0	1	221568	0	0	0	0	0	0	0	0	0	0	0	0	0
30148	Świątynny Szal	0	0	1	221568	0	0	0	0	0	0	0	0	0	0	0	0	0
30149	Syrop z Lodem	0	0	1	221568	0	0	0	0	0	0	0	0	0	0	0	0	0
30150	Strona Pamiętnika	0	0	1	221568	0	0	0	0	0	0	0	0	0	0	0	0	0
30151	Skóra Wilka	0	0	1	221568	0	0	0	0	0	0	0	0	0	0	0	0	0
30152	Lekarstwo dla Balso	0	0	1	221568	0	0	0	0	0	0	0	0	0	0	0	0	0
30153	Kwiaty	0	0	1	221568	0	0	0	0	0	0	0	0	0	0	0	0	0
30155	Amulet Mirine	0	0	1	221568	0	0	0	0	0	0	0	0	0	0	0	0	0
30156	Sekretna Księga Świątyni	0	0	1	221568	0	0	0	0	0	0	0	0	0	0	0	0	0
30157	Grot Strzały	0	0	1	221568	0	0	0	0	0	0	0	0	0	0	0	0	0
30158	Ciastko Ryżowe Yu-Rang	0	0	1	221568	0	0	0	0	0	0	0	0	0	0	0	0	0
30159	Ubrania Ah-Yu	0	0	1	221568	0	0	0	0	0	0	0	0	0	0	0	0	0
30160	Wiadomości	0	0	1	221568	0	0	0	0	0	0	0	0	0	0	0	0	0
30161	Oszczep	0	0	1	221568	0	0	0	0	0	0	0	0	0	0	0	0	0
30162	Oczy Pająka	0	0	1	221568	0	0	0	0	0	0	0	0	0	0	0	0	0
30163	Siano	0	0	1	221568	0	0	0	0	0	0	0	0	0	0	0	0	0
30164	Tłumaczenie Księgi Klątw	0	0	1	221568	0	0	0	0	0	0	0	0	0	0	0	0	0
30165	Zioła Lecznicze+	0	0	1	221568	0	0	0	0	0	0	0	0	0	0	0	0	0
30166	Wątroba Tygrysa+	0	0	1	221568	0	0	0	0	0	0	0	0	0	0	0	0	0
30167	Lekarstwo	0	0	1	221568	0	0	0	0	0	0	0	0	0	0	0	0	0
30168	Łapa Niedźwiedzia	0	0	1	221568	0	0	0	0	0	0	0	0	0	0	0	0	0
30169	Krwisty Kwiat	0	0	1	221568	0	0	0	0	0	0	0	0	0	0	0	0	0
30170	Pomarańczowy Kwiat	0	0	1	221568	0	0	0	0	0	0	0	0	0	0	0	0	0
30171	Żółty Kwiat	0	0	1	221568	0	0	0	0	0	0	0	0	0	0	0	0	0
30172	Bukiet ślubny	0	0	1	221568	0	0	0	0	0	0	0	0	0	0	0	0	0
30173	Futro Wilka Mu-Rang	0	0	1	221568	0	0	0	0	0	0	0	0	0	0	0	0	0
30174	Lśniące Futro Tygrysa	0	0	1	221568	0	0	0	0	0	0	0	0	0	0	0	0	0
30175	Harpun na Wieloryby	0	0	3	221568	0	0	0	0	0	0	0	0	0	0	0	0	0
30182	Pamiętnik Legendy	0	0	1	221568	0	0	0	0	0	0	0	0	0	0	0	0	0
30185	Niez. Przedmiot	0	0	1	221568	0	0	0	0	0	0	0	0	0	0	0	0	0
30190	Włókno Węglowe	0	0	1	221568	0	0	0	0	0	0	0	0	0	0	0	0	0
30191	Przelotka	0	0	1	221568	0	0	0	0	0	0	0	0	0	0	0	0	0
30192	Rękojeść	0	0	1	221568	0	0	0	0	0	0	0	0	0	0	0	0	0
30193	Wędzisko	0	0	1	221568	0	0	0	0	0	0	0	0	0	0	0	0	0
30200	Konar Zelkova	5	0	1	0	0	0	0	0	0	0	0	0	0	0	0	0	0
30201	Certyfikat Tugyisa	5	0	1	0	0	0	0	0	0	0	0	0	0	0	0	0	0
30202	Czerw. Konar Duchodrzewa	5	0	1	0	0	0	0	0	0	0	0	0	0	0	0	0	0
30203	Notatka Przywódcy	5	0	1	0	0	0	0	0	0	0	0	0	0	0	0	0	0
30220	Kamień Duchowy Jinunggyi	5	0	1	32768	0	0	0	0	0	0	0	0	0	0	0	0	0
30221	Świątynny Kamień Duchowy	5	0	1	32768	0	0	0	0	0	0	0	0	0	0	0	0	0
30222	Kamień Duchowy Sagyi	5	0	1	32768	0	0	0	0	0	0	0	0	0	0	0	0	0
30223	Kamień Duchowy Aurtumryu	5	0	1	32768	0	0	0	0	0	0	0	0	0	0	0	0	0
30224	Kamień Duchowy Gyimok	5	0	1	32768	0	0	0	0	0	0	0	0	0	0	0	0	0
30225	Kamień Duchowy Tugyi	5	0	1	32768	0	0	0	0	0	0	0	0	0	0	0	0	0
30226	Kamień Duchowy Lasu	5	0	1	32768	0	0	0	0	0	0	0	0	0	0	0	0	0
30227	Kamień Duchowy Liderów	5	0	1	32768	0	0	0	0	0	0	0	0	0	0	0	0	0
31001	Kopia Inskrypcji	0	0	1	221568	0	0	0	0	0	0	0	0	0	0	0	0	0
31002	Stary Dokument	0	0	1	221568	0	0	0	0	0	0	0	0	0	0	0	0	0
31003	Antidotum	0	0	1	221568	0	0	0	0	0	0	0	0	0	0	0	0	0
31004	Święcona Żywica	0	0	1	221568	0	0	0	0	0	0	0	0	0	0	0	0	0
31005	Nieb. Esencja Kryształu	0	0	1	221568	0	0	0	0	0	0	0	0	0	0	0	0	0
31006	Czerw. Kwarc Piekieł	0	0	1	221568	0	0	0	0	0	0	0	0	0	0	0	0	0
31007	Ziemia Wulkaniczna	0	0	1	221568	0	0	0	0	0	0	0	0	0	0	0	0	0
31010	Runiczny Odłamek	0	0	1	221568	0	0	0	0	0	0	0	0	0	0	0	0	0
31011	Okuta Obręcz	0	0	1	221568	0	0	0	0	0	0	0	0	0	0	0	0	0
31012	Zaczar. Kopia Inskrypcji	0	0	1	221568	0	0	0	0	0	0	0	0	0	0	0	0	0
31013	Rdzeń Metina	0	0	1	221568	0	0	0	0	0	0	0	0	0	0	0	0	0
31014	Żelazna Pieczęć Rozkazu	0	0	1	221568	0	0	0	0	0	0	0	0	0	0	0	0	0
31015	Odłamek Wrót	0	0	1	221568	0	0	0	0	0	0	0	0	0	0	0	0	0
31016	Rdzeń Ognia	0	0	1	221568	0	0	0	0	0	0	0	0	0	0	0	0	0
31017	Kieł Tygrysa	0	0	1	221568	0	0	0	0	0	0	0	0	0	0	0	0	0
31018	Esencja Driady	0	0	1	221568	0	0	0	0	0	0	0	0	0	0	0	0	0
31019	Zbutwiałe Drewno	0	0	1	221568	0	0	0	0	0	0	0	0	0	0	0	0	0
31020	Drewno z Pniaka	0	0	1	221568	0	0	0	0	0	0	0	0	0	0	0	0	0
31021	Golemowy Pył	0	0	1	221568	0	0	0	0	0	0	0	0	0	0	0	0	0
31022	Czerwona Łza	0	0	1	221568	0	0	0	0	0	0	0	0	0	0	0	0	0
31023	Serce Golema	0	0	1	221568	0	0	0	0	0	0	0	0	0	0	0	0	0
31024	Krwawe Drewno	0	0	1	221568	0	0	0	0	0	0	0	0	0	0	0	0	0
31100	Żółć	0	0	1	221568	0	0	0	0	0	0	0	0	0	0	0	0	0
31101	Szkatułka ze skarbem	0	0	1	221568	0	0	0	0	0	0	0	0	0	0	0	0	0
31102	Małpie Zioło	0	0	1	221568	0	0	0	0	0	0	0	0	0	0	0	0	0
32000	Małpie Zioło	3	67	1	221568	0	0	0	0	0	0	0	0	0	0	0	0	0
33700	Przepustka	5	0	1	221568	0	0	0	0	0	0	0	0	0	0	0	0	0
33801	Szkat. Wodza Orków	23	0	1	0	0	0	0	0	0	0	0	0	0	0	0	0	0
33802	Szkat. Królowej Pająków	23	0	1	0	0	0	0	0	0	0	0	0	0	0	0	0	0
33803	Szkat. Dziewięciu Ogonów	23	0	1	0	0	0	0	0	0	0	0	0	0	0	0	0	0
33804	Szkat. Zjawy Żółt. Tygrysa	23	0	1	0	0	0	0	0	0	0	0	0	0	0	0	0	0
33805	Szkat. Pustynnego Żółwia	23	0	1	0	0	0	0	0	0	0	0	0	0	0	0	0	0
33806	Szkat. Ognistego Króla	23	0	1	0	0	0	0	0	0	0	0	0	0	0	0	0	0
33807	Szkat. Ezot. Władcy	23	0	1	0	0	0	0	0	0	0	0	0	0	0	0	0	0
33808	Szkat. W. Duchów Drzew	23	0	1	0	0	0	0	0	0	0	0	0	0	0	0	0	0
33819	Szkat. Elit. Króla Demonów	23	0	1	0	0	0	0	0	0	0	0	0	0	0	0	0	0
33830	Szkat. Umarłego Rozpruwacza	23	0	1	0	0	0	0	0	0	0	0	0	0	0	0	0	0
33900	Akt Notarialny	0	0	1	782720	0	0	0	0	0	0	0	0	0	0	0	0	0
33901	Rozdrobniony Materiał	0	0	1	0	0	0	0	0	0	0	0	0	0	0	0	0	0
33902	Magiczna Ruda Miedzi	0	0	1	0	0	0	0	0	0	0	0	0	0	0	0	0	0
33903	Magiczny Metal	0	0	1	0	0	0	0	0	0	0	0	0	0	0	0	0	0
33904	Kamień Kowala	0	0	1	0	0	0	0	0	0	0	0	0	0	0	0	0	0
33905	Magiczna Ruda Miedzi	0	0	1	221568	0	0	0	0	0	0	0	0	0	0	0	0	0
33906	Magiczny Metal	0	0	1	221568	0	0	0	0	0	0	0	0	0	0	0	0	0
33907	Kamień Kowala	0	0	1	221568	0	0	0	0	0	0	0	0	0	0	0	0	0
33908	Pęknięty Kamień	0	0	1	0	0	0	0	0	0	0	0	0	0	0	0	0	0
33909	Tajemnicza Wiedza	0	0	1	0	0	0	0	0	0	0	0	0	0	0	0	0	0
33910	Fragment Zaczarowania	0	0	1	0	0	0	0	0	0	0	0	0	0	0	0	0	0
33911	Fragment Wzmocnienia	0	0	1	0	0	0	0	0	0	0	0	0	0	0	0	0	0
33912	Fragment Błogosławieństwa	0	0	1	0	0	0	0	0	0	0	0	0	0	0	0	0	0
33913	Odłamek Energii	0	0	1	0	0	0	0	0	0	0	0	0	0	0	0	0	0
33914	Czerwony Monokl	0	0	1	0	0	0	0	0	0	0	0	0	0	0	0	0	0
33915	Pióro Pustelnika	0	0	1	0	0	0	0	0	0	0	0	0	0	0	0	0	0
33916	Starożytna Receptura	0	0	1	0	0	0	0	0	0	0	0	0	0	0	0	0	0
33917	Przetopiony Surowiec	0	0	1	0	0	0	0	0	0	0	0	0	0	0	0	0	0
33918	Czarna Stal	0	0	1	0	0	0	0	0	0	0	0	0	0	0	0	0	0
33999	Kawałek Kamienia	0	0	1	0	0	0	0	0	0	0	0	0	0	0	0	0	0
34036	Przyspieszone Podnoszenie (x2.5)	3	39	1	0	0	0	0	0	0	0	0	152	150	0	0	0	0
34040	Zaczar. Łuska Węża	18	0	1	32768	70	0	0	0	0	0	0	0	0	0	0	0	0
35100	Czerw. Ebonit. Szkatuła	23	0	1	0	0	0	0	0	0	0	0	0	0	0	0	0	0
35101	Drog. Ebonit. Szkatułka	23	0	1	0	0	0	0	0	0	0	0	0	0	0	0	0	0
35102	Żółta Ebonitowa Szkatułka	23	0	1	0	0	0	0	0	0	0	0	0	0	0	0	0	0
35103	Jasnozielona Ebonitowa Szkatułka	23	0	1	0	0	0	0	0	0	0	0	0	0	0	0	0	0
35104	Ziel. Ebonit. Szkatułka	23	0	1	0	0	0	0	0	0	0	0	0	0	0	0	0	0
35105	Nieb. Ebonit. Szkatułka	23	0	1	0	0	0	0	0	0	0	0	0	0	0	0	0	0
35106	Fiol. Ebonit. Szkatułka	23	0	1	0	0	0	0	0	0	0	0	0	0	0	0	0	0
35107	Ciemnonieb. Ebonit. Szkatułka	23	0	1	0	0	0	0	0	0	0	0	0	0	0	0	0	0
35120	Żelazne Pudełko	23	0	1	0	0	0	0	0	0	0	0	0	0	0	0	0	0
35130	Skrzynia Boga Smoków	23	0	1	221568	0	0	0	0	0	0	0	0	0	0	0	0	0
35131	Dzienna Nagroda (1)	23	0	1	221568	0	0	0	0	0	0	0	0	0	0	0	0	0
35132	Dzienna Nagroda (2)	23	0	1	221568	0	0	0	0	0	0	0	0	0	0	0	0	0
35133	Dzienna Nagroda (3)	23	0	1	221568	0	0	0	0	0	0	0	0	0	0	0	0	0
35150	Kamień Duszy	23	0	1	0	0	0	0	0	0	0	0	0	0	0	0	0	0
35151	Kamień Duszy	23	0	1	225664	0	0	0	0	0	0	0	0	0	0	0	0	0
35160	Księga Umiejętności	23	0	1	225664	0	0	0	0	0	0	0	0	0	0	0	0	0
35170	Czerwona Rosa	23	0	1	0	0	0	0	0	0	0	0	0	0	0	0	0	0
35171	Pomarańczowa Rosa	23	0	1	0	0	0	0	0	0	0	0	0	0	0	0	0	0
35172	Żółta Rosa	23	0	1	0	0	0	0	0	0	0	0	0	0	0	0	0	0
35173	Zielona Rosa	23	0	1	0	0	0	0	0	0	0	0	0	0	0	0	0	0
35174	Niebieska Rosa	23	0	1	0	0	0	0	0	0	0	0	0	0	0	0	0	0
35175	Biała Rosa	23	0	1	0	0	0	0	0	0	0	0	0	0	0	0	0	0
35176	Szara Rosa	23	0	1	0	0	0	0	0	0	0	0	0	0	0	0	0	0
35200	Zł. Skrzynia na Ryby (D)	23	0	1	0	0	0	0	0	0	0	0	0	0	0	0	0	0
35201	Zł. Skrzynia na Ryby (Ś)	23	0	1	0	0	0	0	0	0	0	0	0	0	0	0	0	0
35202	Zł. Skrzynia na Ryby (M)	23	0	1	0	0	0	0	0	0	0	0	0	0	0	0	0	0
35203	Złota Piłka	23	0	1	0	0	0	0	0	0	0	0	0	0	0	0	0	0
35204	Szkat. Blasku Księżyca	23	0	1	0	0	0	0	0	0	0	0	0	0	0	0	0	0
35205	Złota Skrzynia Okey	23	0	1	0	0	0	0	0	0	0	0	0	0	0	0	0	0
35206	Srebrna Skrzynia Okey	23	0	1	0	0	0	0	0	0	0	0	0	0	0	0	0	0
35207	Brązowa Skrzynia Okey	23	0	1	0	0	0	0	0	0	0	0	0	0	0	0	0	0
35300	Karta Okey	18	0	1	0	0	0	0	0	0	0	0	0	0	0	0	0	0
35301	Zestaw Kart Okey	18	0	1	0	0	0	0	0	0	0	0	0	0	0	0	0	0
35302	Piłka	18	0	1	0	0	0	0	0	0	0	0	0	0	0	0	0	0
35307	Pudło Wędkarskich Puzzli	18	0	1	0	0	0	0	0	0	0	0	0	0	0	0	0	0
35308	Luks. Pudło Wędk. Puzzli	18	0	1	0	0	0	0	0	0	0	0	0	0	0	0	0	0
35350	Zaklęcie Przedmiotu	3	56	1	0	0	0	0	0	0	0	0	0	0	0	0	0	0
35351	Usuń Zaklęcie	3	56	1	0	0	0	0	0	0	0	0	0	0	0	0	0	0
35352	Szpula Kaszmiru	3	51	1	0	0	0	0	0	0	0	0	0	0	0	0	0	0
35500	Pakiet Startowy	18	0	1	745856	0	0	0	0	0	0	0	0	0	0	0	0	0
35501	Nagroda z Konkursu	18	0	1	745856	0	0	0	0	0	0	0	0	0	0	0	0	0
35510	Nagroda Drużynowa [TOP]	18	0	1	745856	0	0	0	0	0	0	0	0	0	0	0	0	0
35511	Nagroda Drużynowa [WIN]	18	0	1	745856	0	0	0	0	0	0	0	0	0	0	0	0	0
36000	Księga Misji (Łatwa)	18	0	1	0	0	0	0	0	0	0	0	0	0	0	0	0	0
36001	Księga Misji (Normalna)	18	0	1	0	0	0	0	0	0	0	0	0	0	0	0	0	0
36002	Księga Misji (Trudna)	18	0	1	0	0	0	0	0	0	0	0	0	0	0	0	0	0
36003	Księga Misji (ekspert)	18	0	1	0	0	0	0	0	0	0	0	0	0	0	0	0	0
36004	Księga Misji (discord)	18	0	1	254336	0	0	0	0	0	0	0	0	0	0	0	0	0
36010	Pigułka Krwi	3	10	1	0	0	0	0	0	0	0	0	0	0	0	0	0	0
39000	Księga Wiedzy - Drop Przedmiotów	67	0	1	0	0	0	0	0	0	0	0	0	0	0	0	0	0
39001	Księga Wiedzy - Zdobywanie Yang	67	0	1	0	0	0	0	0	0	0	0	0	0	0	0	0	0
39002	Księga Wiedzy - Wędkarstwo	67	0	1	0	0	0	0	0	0	0	0	0	0	0	0	0	0
39003	Księga Wiedzy - Górnictwo	67	0	1	0	0	0	0	0	0	0	0	0	0	0	0	0	0
42100	Hwang	28	0	2	256	0	0	0	0	0	0	0	0	0	0	0	0	0
43500	Modna Fryzura (czerw.)	28	1	1	483769	0	0	0	0	0	0	0	0	0	0	0	0	0
43501	Modna Fryzura (jasna)	28	1	1	483769	0	0	0	0	0	0	0	0	0	0	0	0	0
43502	Modna Fryzura (nieb.)	28	1	1	483769	0	0	0	0	0	0	0	0	0	0	0	0	0
43503	Modna Fryzura (brąz.)	28	1	1	483769	0	0	0	0	0	0	0	0	0	0	0	0	0
43504	Modna Fryzura (czar.)	28	1	1	483769	0	0	0	0	0	0	0	0	0	0	0	0	0
43505	Chusta (czerw.)	28	1	1	483769	0	0	0	0	0	0	0	0	0	0	0	0	0
43506	Chusta (kratk.)	28	1	1	483769	0	0	0	0	0	0	0	0	0	0	0	0	0
43507	Chusta (nieb.)	28	1	1	483769	0	0	0	0	0	0	0	0	0	0	0	0	0
43508	Chusta (ziel.)	28	1	1	483769	0	0	0	0	0	0	0	0	0	0	0	0	0
43509	Chusta (żółta)	28	1	1	483769	0	0	0	0	0	0	0	0	0	0	0	0	0
43510	Długie Włosy (czar.)	28	1	1	483769	0	0	0	0	0	0	0	0	0	0	0	0	0
43511	Długie Włosy (czerw.)	28	1	1	483769	0	0	0	0	0	0	0	0	0	0	0	0	0
43512	Długie Włosy (brąz.)	28	1	1	483769	0	0	0	0	0	0	0	0	0	0	0	0	0
43513	Długie Włosy (ziel.)	28	1	1	483769	0	0	0	0	0	0	0	0	0	0	0	0	0
43514	Długie Włosy (blond)	28	1	1	483769	0	0	0	0	0	0	0	0	0	0	0	0	0
43550	Modna Fryzura (czerw.)(K)	28	1	1	483770	0	0	0	0	0	0	0	0	0	0	0	0	0
43551	Modna Fryzura (jasna)(K)	28	1	1	483770	0	0	0	0	0	0	0	0	0	0	0	0	0
43552	Modna Fryzura (nieb.)(K)	28	1	1	483770	0	0	0	0	0	0	0	0	0	0	0	0	0
43553	Modna Fryzura (brąz.)(K)	28	1	1	483770	0	0	0	0	0	0	0	0	0	0	0	0	0
43554	Modna Fryzura (blond)(K)	28	1	1	483770	0	0	0	0	0	0	0	0	0	0	0	0	0
43555	Chusta (brąz.)(K)	28	1	1	483770	0	0	0	0	0	0	0	0	0	0	0	0	0
43556	Chusta (jasne)(K)	28	1	1	483770	0	0	0	0	0	0	0	0	0	0	0	0	0
43557	Chusta (nieb.)(K)	28	1	1	483770	0	0	0	0	0	0	0	0	0	0	0	0	0
43558	Chusta (ziel.)(K)	28	1	1	483770	0	0	0	0	0	0	0	0	0	0	0	0	0
43559	Chusta (czar.)(K)	28	1	1	483770	0	0	0	0	0	0	0	0	0	0	0	0	0
43560	Długie Włosy (czar.)(K)	28	1	1	483770	0	0	0	0	0	0	0	0	0	0	0	0	0
43561	Długie Włosy (jasne.)(K)	28	1	1	483770	0	0	0	0	0	0	0	0	0	0	0	0	0
43562	Długie Włosy (brąz.)(K)	28	1	1	483770	0	0	0	0	0	0	0	0	0	0	0	0	0
43563	Długie Włosy (ziel.)(K)	28	1	1	483770	0	0	0	0	0	0	0	0	0	0	0	0	0
43564	Długie Włosy (czerw.)(K)	28	1	1	483770	0	0	0	0	0	0	0	0	0	0	0	0	0
43600	Kucyk (brąz.)	28	1	1	483765	0	0	0	0	0	0	0	0	0	0	0	0	0
43601	Kucyk (ziel.)	28	1	1	483765	0	0	0	0	0	0	0	0	0	0	0	0	0
43602	Kucyk (nieb.)	28	1	1	483765	0	0	0	0	0	0	0	0	0	0	0	0	0
43603	Kucyk (jasny)	28	1	1	483765	0	0	0	0	0	0	0	0	0	0	0	0	0
43604	Kucyk (czerw.)	28	1	1	483765	0	0	0	0	0	0	0	0	0	0	0	0	0
43605	Krótkie Włosy (jasne)	28	1	1	483765	0	0	0	0	0	0	0	0	0	0	0	0	0
43606	Krótkie Włosy (czar.)	28	1	1	483765	0	0	0	0	0	0	0	0	0	0	0	0	0
43607	Krótkie Włosy (brąz.)	28	1	1	483765	0	0	0	0	0	0	0	0	0	0	0	0	0
43608	Krótkie Włosy (czerw.)	28	1	1	483765	0	0	0	0	0	0	0	0	0	0	0	0	0
43609	Krótkie Włosy (nieb.)	28	1	1	483765	0	0	0	0	0	0	0	0	0	0	0	0	0
43610	Krótkie (czerw.)	28	1	1	483765	0	0	0	0	0	0	0	0	0	0	0	0	0
43611	Krótkie (nieb.)	28	1	1	483765	0	0	0	0	0	0	0	0	0	0	0	0	0
43612	Krótkie (czar.)	28	1	1	483765	0	0	0	0	0	0	0	0	0	0	0	0	0
43613	Krótkie (blond)	28	1	1	483765	0	0	0	0	0	0	0	0	0	0	0	0	0
43614	Krótkie (brąz.)	28	1	1	483765	0	0	0	0	0	0	0	0	0	0	0	0	0
43650	Kucyk (brąz.)(K)	28	1	1	483766	0	0	0	0	0	0	0	0	0	0	0	0	0
43651	Kucyk (ziel.)(K)	28	1	1	483766	0	0	0	0	0	0	0	0	0	0	0	0	0
43652	Kucyk (nieb.)(K)	28	1	1	483766	0	0	0	0	0	0	0	0	0	0	0	0	0
43653	Kucyk (jasny.)(K)	28	1	1	483766	0	0	0	0	0	0	0	0	0	0	0	0	0
43654	Kucyk (czerw.)(K)	28	1	1	483766	0	0	0	0	0	0	0	0	0	0	0	0	0
43655	Krótkie Włosy (czerw.)(K)	28	1	1	483766	0	0	0	0	0	0	0	0	0	0	0	0	0
43656	Krótkie Włosy (brąz.)(K)	28	1	1	483766	0	0	0	0	0	0	0	0	0	0	0	0	0
43657	Krótkie Włosy (jasne)(K)	28	1	1	483766	0	0	0	0	0	0	0	0	0	0	0	0	0
43658	Krótkie Włosy (fiol.)(K)	28	1	1	483766	0	0	0	0	0	0	0	0	0	0	0	0	0
43659	Krótkie Włosy (czar.)(K)	28	1	1	483766	0	0	0	0	0	0	0	0	0	0	0	0	0
43660	Krótkie (czerw.)(K)	28	1	1	483766	0	0	0	0	0	0	0	0	0	0	0	0	0
43661	Krótkie (nieb.)(K)	28	1	1	483766	0	0	0	0	0	0	0	0	0	0	0	0	0
43662	Krótkie (czar.)(K)	28	1	1	483766	0	0	0	0	0	0	0	0	0	0	0	0	0
43663	Krótkie (blond)(K)	28	1	1	483766	0	0	0	0	0	0	0	0	0	0	0	0	0
43664	Krótkie (białe)(K)	28	1	1	483766	0	0	0	0	0	0	0	0	0	0	0	0	0
43700	Spięte (jasne)	28	1	1	483757	0	0	0	0	0	0	0	0	0	0	0	0	0
43701	Spięte (brąz.)	28	1	1	483757	0	0	0	0	0	0	0	0	0	0	0	0	0
43702	Spięte (blond)	28	1	1	483757	0	0	0	0	0	0	0	0	0	0	0	0	0
43703	Spięte (ziel.)	28	1	1	483757	0	0	0	0	0	0	0	0	0	0	0	0	0
43704	Spięte (czar.)	28	1	1	483757	0	0	0	0	0	0	0	0	0	0	0	0	0
43705	Charyzm. Włosy (białe)	28	1	1	483757	0	0	0	0	0	0	0	0	0	0	0	0	0
43706	Charyzm. Włosy (czerw.)	28	1	1	483757	0	0	0	0	0	0	0	0	0	0	0	0	0
43707	Charyzm. Włosy (czar.)	28	1	1	483757	0	0	0	0	0	0	0	0	0	0	0	0	0
43708	Charyzm. Włosy (purp.)	28	1	1	483757	0	0	0	0	0	0	0	0	0	0	0	0	0
43709	Charyzm. Włosy (blond)	28	1	1	483757	0	0	0	0	0	0	0	0	0	0	0	0	0
43710	Zawinięte (białe)	28	1	1	483757	0	0	0	0	0	0	0	0	0	0	0	0	0
43711	Zawinięte (nieb.)	28	1	1	483757	0	0	0	0	0	0	0	0	0	0	0	0	0
43712	Zawinięte (czar.)	28	1	1	483757	0	0	0	0	0	0	0	0	0	0	0	0	0
43713	Zawinięte (brąz.)	28	1	1	483757	0	0	0	0	0	0	0	0	0	0	0	0	0
43714	Zawinięte (czer.)	28	1	1	483757	0	0	0	0	0	0	0	0	0	0	0	0	0
43750	Spięte (jasne)(K)	28	1	1	483758	0	0	0	0	0	0	0	0	0	0	0	0	0
43751	Spięte (brąz.)(K)	28	1	1	483758	0	0	0	0	0	0	0	0	0	0	0	0	0
43752	Spięte (blond)(K)	28	1	1	483758	0	0	0	0	0	0	0	0	0	0	0	0	0
43753	Spięte (ziel.)(K)	28	1	1	483758	0	0	0	0	0	0	0	0	0	0	0	0	0
43754	Spięte (fiol.)(K)	28	1	1	483758	0	0	0	0	0	0	0	0	0	0	0	0	0
43755	Charyzm. Włosy (białe)(K)	28	1	1	483758	0	0	0	0	0	0	0	0	0	0	0	0	0
43756	Charyzm. Włosy (czerw.)(K)	28	1	1	483758	0	0	0	0	0	0	0	0	0	0	0	0	0
43757	Charyzm. Włosy (czar.)(K)	28	1	1	483758	0	0	0	0	0	0	0	0	0	0	0	0	0
43758	Charyzm. Włosy (purp.)(K)	28	1	1	483758	0	0	0	0	0	0	0	0	0	0	0	0	0
43759	Charyzm. Włosy (blond)(K)	28	1	1	483758	0	0	0	0	0	0	0	0	0	0	0	0	0
43760	Zawinięte (białe)(K)	28	1	1	483758	0	0	0	0	0	0	0	0	0	0	0	0	0
43761	Zawinięte (fiol.)(K)	28	1	1	483758	0	0	0	0	0	0	0	0	0	0	0	0	0
43762	Zawinięte (czar.)(K)	28	1	1	483758	0	0	0	0	0	0	0	0	0	0	0	0	0
43763	Zawinięte (brąz.)(K)	28	1	1	483758	0	0	0	0	0	0	0	0	0	0	0	0	0
43764	Zawinięte (nieb.)(K)	28	1	1	483758	0	0	0	0	0	0	0	0	0	0	0	0	0
43800	Spinka Motyl (brąz.)	28	1	1	483741	0	0	0	0	0	0	0	0	0	0	0	0	0
43801	Spinka Motyl (czar.)	28	1	1	483741	0	0	0	0	0	0	0	0	0	0	0	0	0
43802	Spinka Motyl (nieb.)	28	1	1	483741	0	0	0	0	0	0	0	0	0	0	0	0	0
43803	Spinka Motyl (białe)	28	1	1	483741	0	0	0	0	0	0	0	0	0	0	0	0	0
43804	Spinka Motyl (fiol.)	28	1	1	483741	0	0	0	0	0	0	0	0	0	0	0	0	0
43805	Długie Włosy (brąz.)	28	1	1	483741	0	0	0	0	0	0	0	0	0	0	0	0	0
43806	Długie Włosy (nieb.)	28	1	1	483741	0	0	0	0	0	0	0	0	0	0	0	0	0
43807	Długie Włosy (blond)	28	1	1	483741	0	0	0	0	0	0	0	0	0	0	0	0	0
43808	Długie Włosy (fiol.)	28	1	1	483741	0	0	0	0	0	0	0	0	0	0	0	0	0
43809	Długie Włosy (czar.)	28	1	1	483741	0	0	0	0	0	0	0	0	0	0	0	0	0
43810	Dawna Fryzura (brąz.)	28	1	1	483741	0	0	0	0	0	0	0	0	0	0	0	0	0
43811	Dawna Fryzura (jasna)	28	1	1	483741	0	0	0	0	0	0	0	0	0	0	0	0	0
43812	Dawna Fryzura (fiol.)	28	1	1	483741	0	0	0	0	0	0	0	0	0	0	0	0	0
43813	Dawna Fryzura (czer.)	28	1	1	483741	0	0	0	0	0	0	0	0	0	0	0	0	0
43814	Dawna Fryzura (białe)	28	1	1	483741	0	0	0	0	0	0	0	0	0	0	0	0	0
43850	Spinka Motyl (brąz.)(K)	28	1	1	483742	0	0	0	0	0	0	0	0	0	0	0	0	0
43851	Spinka Motyl (czar.)(K)	28	1	1	483742	0	0	0	0	0	0	0	0	0	0	0	0	0
43852	Spinka Motyl (nieb.)(K)	28	1	1	483742	0	0	0	0	0	0	0	0	0	0	0	0	0
43853	Spinka Motyl (białe)(K)	28	1	1	483742	0	0	0	0	0	0	0	0	0	0	0	0	0
43854	Spinka Motyl (czerw.)(K)	28	1	1	483742	0	0	0	0	0	0	0	0	0	0	0	0	0
43855	Długie Włosy (brąz.)(K)	28	1	1	483742	0	0	0	0	0	0	0	0	0	0	0	0	0
43856	Długie Włosy (czar.)(K)	28	1	1	483742	0	0	0	0	0	0	0	0	0	0	0	0	0
43857	Długie Włosy (blond)(K)	28	1	1	483742	0	0	0	0	0	0	0	0	0	0	0	0	0
43858	Długie Włosy (fiol.)(K)	28	1	1	483742	0	0	0	0	0	0	0	0	0	0	0	0	0
43859	Długie Włosy (białe)(K)	28	1	1	483742	0	0	0	0	0	0	0	0	0	0	0	0	0
43860	Dawna Fryzura (brąz.)(K)	28	1	1	483742	0	0	0	0	0	0	0	0	0	0	0	0	0
43861	Dawna Fryzura (blond)(K)	28	1	1	483742	0	0	0	0	0	0	0	0	0	0	0	0	0
43862	Dawna Fryzura (fiol.)(K)	28	1	1	483742	0	0	0	0	0	0	0	0	0	0	0	0	0
43863	Dawna Fryzura (czerw.)(K)	28	1	1	483742	0	0	0	0	0	0	0	0	0	0	0	0	0
43864	Dawna Fryzura (czar.)(K)	28	1	1	483742	0	0	0	0	0	0	0	0	0	0	0	0	0
49000	VIP Pierścień Doświadczenia 30 dni	3	41	1	254336	0	0	0	0	0	0	0	0	0	0	0	0	0
49001	VIP Rękawica Złodzieja 30 dni	3	41	1	254336	0	0	0	0	0	0	0	0	0	0	0	0	0
49002	VIP Medal Szczęścia 30 dni	3	41	1	254336	0	0	0	0	0	0	0	0	0	0	0	0	0
49003	VIP Trzecia Ręka 30 dni	3	41	1	254336	0	0	0	0	0	0	0	0	0	0	0	0	0
49004	VIP Rybie Wnętrzności 30 dni	3	41	1	254336	0	0	0	0	0	0	0	0	0	0	0	0	0
49005	VIP Głębokie Wydobycie 30 dni	3	41	1	254336	0	0	0	0	0	0	0	0	0	0	0	0	0
49006	VIP Premium+ 30 dni	3	41	1	254336	0	0	0	0	0	0	0	0	0	0	0	0	0
49007	VIP Premium+ 7 dni	3	41	1	254336	0	0	0	0	0	0	0	0	0	0	0	0	0
50006	Złota Szkatułka	20	0	1	0	0	0	0	0	0	0	0	0	0	0	0	0	0
50007	Srebrna Szkatułka	20	0	1	0	0	0	0	0	0	0	0	0	0	0	0	0	0
50008	Złoty Klucz	21	0	1	0	0	0	0	0	0	0	0	0	0	0	0	0	0
50009	Srebrny Klucz	21	0	1	0	0	0	0	0	0	0	0	0	0	0	0	0	0
50010	Złota Szkatułka+	20	0	1	0	0	0	0	0	0	0	0	0	0	0	0	0	0
50011	Srebrna Szkatułka+	20	0	1	0	0	0	0	0	0	0	0	0	0	0	0	0	0
50040	Siano	5	0	1	0	0	0	0	0	0	0	0	0	0	0	0	0	0
50041	Marchewka	5	0	1	0	0	0	0	0	0	0	0	0	0	0	0	0	0
50042	Czerwony Żeń-szeń	5	0	1	0	0	0	0	0	0	0	0	0	0	0	0	0	0
50050	Medal Konny	18	0	1	0	0	0	0	0	0	0	0	0	0	0	0	0	0
50051	Zdjęcie Konia	18	0	1	729472	0	0	0	0	0	0	0	0	0	0	0	0	0
50052	Księga Opanc. Konia	18	0	1	729472	0	0	0	0	0	0	0	0	0	0	0	0	0
50053	Księga Wojskow. Konia	18	0	1	729472	0	0	0	0	0	0	0	0	0	0	0	0	0
50054	Księga Elitarnego Konia	18	0	1	729472	0	0	0	0	0	0	0	0	0	0	0	0	0
50056	Rada Konna	18	0	1	0	0	0	0	0	0	0	0	0	0	0	0	0	0
50057	Zwój Konny	18	0	1	0	0	0	0	0	0	0	0	0	0	0	0	0	0
50060	Instr. Jazdy Konnej	3	10	1	0	50	0	0	0	0	0	0	0	0	0	0	0	0
50061	Instr. Oswajania Konia	3	10	1	0	0	0	0	0	0	0	0	0	0	0	0	0	0
50201	Bukiet	1	5	1	262146	25	0	0	0	0	0	1	0	0	0	0	0	0
50202	Bukiet	1	5	1	262146	25	0	0	0	0	0	1	0	0	0	0	0	0
50301	Sztuka Wojny Sun Zi	17	0	1	0	0	0	0	0	0	0	0	0	0	0	0	0	0
50302	Sztuka Wojny Wu Zi	17	0	1	0	0	0	0	0	0	0	0	0	0	0	0	0	0
50303	WeiLiao Zi	17	0	1	0	0	0	0	0	0	0	0	0	0	0	0	0	0
50304	Sztuka Combo	17	0	1	0	0	0	0	0	0	0	0	0	0	0	0	0	0
50314	Księga Polimorfii	17	0	1	0	0	0	0	0	0	0	0	0	0	0	0	0	0
50315	Zaaw. Ks. Polimorfii	17	0	1	0	0	0	0	0	0	0	0	0	0	0	0	0	0
50316	Mistrz. Ks. Polimorfii	17	0	1	0	0	0	0	0	0	0	0	0	0	0	0	0	0
50401	Trzystronne Cięcie	17	0	1	0	0	0	0	0	0	0	0	0	0	0	0	0	0
50402	Wir Miecza	17	0	1	0	0	0	0	0	0	0	0	0	0	0	0	0	0
50403	Berserk	17	0	1	0	0	0	0	0	0	0	0	0	0	0	0	0	0
50404	Aura Miecza	17	0	1	0	0	0	0	0	0	0	0	0	0	0	0	0	0
50405	Szarża	17	0	1	0	0	0	0	0	0	0	0	0	0	0	0	0	0
50416	Duchowe Uderzenie	17	0	1	0	0	0	0	0	0	0	0	0	0	0	0	0	0
50417	Walnięcie	17	0	1	0	0	0	0	0	0	0	0	0	0	0	0	0	0
50418	Tąpnięcie	17	0	1	0	0	0	0	0	0	0	0	0	0	0	0	0	0
50419	Silne Ciało	17	0	1	0	0	0	0	0	0	0	0	0	0	0	0	0	0
50420	Uderzenie Miecza	17	0	1	0	0	0	0	0	0	0	0	0	0	0	0	0	0
50431	Zasadzka	17	0	1	0	0	0	0	0	0	0	0	0	0	0	0	0	0
50432	Szybki Atak	17	0	1	0	0	0	0	0	0	0	0	0	0	0	0	0	0
50433	Wirujący Sztylet	17	0	1	0	0	0	0	0	0	0	0	0	0	0	0	0	0
50434	Krycie Się	17	0	1	0	0	0	0	0	0	0	0	0	0	0	0	0	0
50435	Trująca Chmura	17	0	1	0	0	0	0	0	0	0	0	0	0	0	0	0	0
50446	Powtarzalny Strzał	17	0	1	0	0	0	0	0	0	0	0	0	0	0	0	0	0
50447	Deszcz Strzał	17	0	1	0	0	0	0	0	0	0	0	0	0	0	0	0	0
50448	Ognista Strzała	17	0	1	0	0	0	0	0	0	0	0	0	0	0	0	0	0
50449	Bezszelestny Chód	17	0	1	0	0	0	0	0	0	0	0	0	0	0	0	0	0
50450	Trująca Strzała	17	0	1	0	0	0	0	0	0	0	0	0	0	0	0	0	0
50461	Uderzenie Palcem	17	0	1	0	0	0	0	0	0	0	0	0	0	0	0	0	0
50462	Smoczy Wir	17	0	1	0	0	0	0	0	0	0	0	0	0	0	0	0	0
50463	Czarowane Ostrze	17	0	1	0	0	0	0	0	0	0	0	0	0	0	0	0	0
50464	Strach	17	0	1	0	0	0	0	0	0	0	0	0	0	0	0	0	0
50465	Czarowana Zbroja	17	0	1	0	0	0	0	0	0	0	0	0	0	0	0	0	0
50466	Rozproszenie Magii	17	0	1	0	0	0	0	0	0	0	0	0	0	0	0	0	0
50476	Mroczne Uderzenie	17	0	1	0	0	0	0	0	0	0	0	0	0	0	0	0	0
50477	Ogniste Uderzenie	17	0	1	0	0	0	0	0	0	0	0	0	0	0	0	0	0
50478	Ognisty Duch	17	0	1	0	0	0	0	0	0	0	0	0	0	0	0	0	0
50479	Mroczna Ochrona	17	0	1	0	0	0	0	0	0	0	0	0	0	0	0	0	0
50480	Duchowy Cios	17	0	1	0	0	0	0	0	0	0	0	0	0	0	0	0	0
50481	Mroczna Sfera	17	0	1	0	0	0	0	0	0	0	0	0	0	0	0	0	0
50491	Latający Talizman	17	0	1	0	0	0	0	0	0	0	0	0	0	0	0	0	0
50492	Strzelający Smok	17	0	1	0	0	0	0	0	0	0	0	0	0	0	0	0	0
50493	Smoczy Skowyt	17	0	1	0	0	0	0	0	0	0	0	0	0	0	0	0	0
50494	Błogosławieństwo	17	0	1	0	0	0	0	0	0	0	0	0	0	0	0	0	0
50495	Odbicie	17	0	1	0	0	0	0	0	0	0	0	0	0	0	0	0	0
50496	Pomoc Smoka	17	0	1	0	0	0	0	0	0	0	0	0	0	0	0	0	0
50506	Błyskawiczny Rzut	17	0	1	0	0	0	0	0	0	0	0	0	0	0	0	0	0
50507	Przywołanie Błyskawicy	17	0	1	0	0	0	0	0	0	0	0	0	0	0	0	0	0
50508	Burzowy Szpon	17	0	1	0	0	0	0	0	0	0	0	0	0	0	0	0	0
50509	Leczenie	17	0	1	0	0	0	0	0	0	0	0	0	0	0	0	0	0
50510	Zwinność	17	0	1	0	0	0	0	0	0	0	0	0	0	0	0	0	0
50511	Zwiększenie Ataku	17	0	1	0	0	0	0	0	0	0	0	0	0	0	0	0	0
50513	Kamień Duchowy	18	0	1	0	0	0	0	0	0	0	0	0	0	0	0	0	0
50600	Przewodnik Do Górnictwa	17	0	1	0	0	0	0	0	0	0	0	0	0	0	0	0	0
50601	Diamentowy Kamień	6	0	1	0	0	0	0	0	0	0	0	0	0	0	0	0	0
50602	Kawałek Bursztynu	6	0	1	0	0	0	0	0	0	0	0	0	0	0	0	0	0
50603	Skamieniały Pień	6	0	1	0	0	0	0	0	0	0	0	0	0	0	0	0	0
50604	Ruda Miedzi	6	0	1	0	0	0	0	0	0	0	0	0	0	0	0	0	0
50605	Ruda Srebra	6	0	1	0	0	0	0	0	0	0	0	0	0	0	0	0	0
50606	Ruda Złota	6	0	1	0	0	0	0	0	0	0	0	0	0	0	0	0	0
50607	Ruda Jadeitu	6	0	1	0	0	0	0	0	0	0	0	0	0	0	0	0	0
50608	Ruda Ebonitu	6	0	1	0	0	0	0	0	0	0	0	0	0	0	0	0	0
50609	Kawałek Perły	6	0	1	0	0	0	0	0	0	0	0	0	0	0	0	0	0
50610	Ruda Biał. Złota	6	0	1	0	0	0	0	0	0	0	0	0	0	0	0	0	0
50611	Ruda Kryształu	6	0	1	0	0	0	0	0	0	0	0	0	0	0	0	0	0
50612	Ruda Ametystu	6	0	1	0	0	0	0	0	0	0	0	0	0	0	0	0	0
50613	Ruda Niebiańskich Łez	6	0	1	0	0	0	0	0	0	0	0	0	0	0	0	0	0
50614	Ruda Kryształu Duszy	6	0	1	0	0	0	0	0	0	0	0	0	0	0	0	0	0
50621	Diament	3	20	1	0	0	0	0	0	0	0	0	0	0	0	0	0	0
50622	Bursztyn	6	0	1	0	0	0	0	0	0	0	0	0	0	0	0	0	0
50623	Skamieniałe Drewno	3	21	1	0	0	0	0	0	0	0	0	0	0	0	0	0	0
50624	Miedź	3	21	1	0	0	0	0	0	0	0	0	0	0	0	0	0	0
50625	Srebro	3	21	1	0	0	0	0	0	0	0	0	0	0	0	0	0	0
50626	Złoto	3	21	1	0	0	0	0	0	0	0	0	0	0	0	0	0	0
50627	Jadeit	3	21	1	0	0	0	0	0	0	0	0	0	0	0	0	0	0
50628	Ebonit	3	21	1	0	0	0	0	0	0	0	0	0	0	0	0	0	0
50629	Perła	3	21	1	0	0	0	0	0	0	0	0	0	0	0	0	0	0
50630	Białe Złoto	3	21	1	0	0	0	0	0	0	0	0	0	0	0	0	0	0
50631	Kryształ	3	21	1	0	0	0	0	0	0	0	0	0	0	0	0	0	0
50632	Ametyst	3	21	1	0	0	0	0	0	0	0	0	0	0	0	0	0	0
50633	Niebiańskie Łzy	3	21	1	0	0	0	0	0	0	0	0	0	0	0	0	0	0
50634	Kryształ Duszy	3	21	1	0	0	0	0	0	0	0	0	0	0	0	0	0	0
50701	Kwiat Brzoskwini*	5	0	1	221568	0	0	0	0	0	0	0	0	0	0	0	0	0
50702	Pokrzywa*	5	0	1	221568	0	0	0	0	0	0	0	0	0	0	0	0	0
50703	Kwiat Kaki*	5	0	1	221568	0	0	0	0	0	0	0	0	0	0	0	0	0
50704	Korzeń Gango*	5	0	1	221568	0	0	0	0	0	0	0	0	0	0	0	0	0
50705	Bez*	5	0	1	221568	0	0	0	0	0	0	0	0	0	0	0	0	0
50706	Grzyb Tue*	5	0	1	221568	0	0	0	0	0	0	0	0	0	0	0	0	0
50707	Róża Alpejska*	5	0	1	221568	0	0	0	0	0	0	0	0	0	0	0	0	0
50708	Morwa*	5	0	1	221568	0	0	0	0	0	0	0	0	0	0	0	0	0
50721	Kwiat Brzoskwini	5	0	1	0	0	0	0	0	0	0	0	0	0	0	0	0	0
50722	Pokrzywa	5	0	1	0	0	0	0	0	0	0	0	0	0	0	0	0	0
50723	Kwiat Kaki	5	0	1	0	0	0	0	0	0	0	0	0	0	0	0	0	0
50724	Korzeń Gango	5	0	1	0	0	0	0	0	0	0	0	0	0	0	0	0	0
50725	Bez	5	0	1	0	0	0	0	0	0	0	0	0	0	0	0	0	0
50726	Grzyb Tue	5	0	1	0	0	0	0	0	0	0	0	0	0	0	0	0	0
50727	Róża Alpejska	5	0	1	0	0	0	0	0	0	0	0	0	0	0	0	0	0
50728	Morwa	5	0	1	0	0	0	0	0	0	0	0	0	0	0	0	0	0
50801	Sok Z Korzenia Gango	3	11	1	0	20	0	0	0	0	0	0	0	0	0	0	0	0
50802	Sok Z Kwiatu Brzoskwini	3	39	1	0	20	0	0	0	0	0	0	8	10	0	0	0	0
50803	Sok Z Pokrzywy	3	39	1	0	20	0	0	0	0	0	0	7	5	0	0	0	0
50804	Sok Z Kwiatu Kaki	3	39	1	0	20	0	0	0	0	0	0	205	5	0	0	0	0
50805	Sok Z Bzu	3	39	1	0	20	0	0	0	0	0	0	9	8	0	0	0	0
50806	Sok Z Grzyba Tue	3	39	1	0	20	0	0	0	0	0	0	5	5	0	0	0	0
50807	Sok Z Róży Alpejskiej	3	39	1	0	20	0	0	0	0	0	0	6	5	0	0	0	0
50808	Sok Z Morwy	3	39	1	0	20	0	0	0	0	0	0	4	5	0	0	0	0
50811	Woda Young	3	11	1	0	40	0	0	0	0	0	0	0	0	0	0	0	0
50812	Woda Hwal	3	39	1	0	40	0	0	0	0	0	0	202	8	0	0	0	0
50813	Woda Mong	3	39	1	0	40	0	0	0	0	0	0	201	8	0	0	0	0
50814	Woda Sam-Bo	3	39	1	0	40	0	0	0	0	0	0	54	30	0	0	0	0
50815	Woda Sim	3	39	1	0	40	0	0	0	0	0	0	16	8	0	0	0	0
50816	Woda Dok	3	39	1	0	40	0	0	0	0	0	0	135	3	0	0	0	0
50817	Woda Zin	3	39	1	0	40	0	0	0	0	0	0	53	30	0	0	0	0
50818	Woda Bo	3	39	1	0	40	0	0	0	0	0	0	55	30	0	0	0	0
50821	Czerwona Rosa	3	39	1	0	55	0	0	0	0	0	0	15	10	0	0	0	0
50822	Pomarańczowa Rosa	3	39	1	0	55	0	0	0	0	0	0	16	10	0	0	0	0
50823	Żółta Rosa	3	39	1	0	55	0	0	0	0	0	0	55	60	0	0	0	0
50824	Zielona Rosa	3	39	1	0	55	0	0	0	0	0	0	209	6	0	0	0	0
50825	Niebieska Rosa	3	39	1	0	55	0	0	0	0	0	0	53	60	0	0	0	0
50826	Biała Rosa	3	39	1	0	55	0	0	0	0	0	0	54	65	0	0	0	0
50827	Szara Rosa	3	39	1	0	55	0	0	0	0	0	0	208	6	0	0	0	0
50831	Czerwona Rosa	3	39	1	0	55	0	0	0	0	0	0	15	12	0	0	0	0
50832	Pomarańczowa Rosa	3	39	1	0	55	0	0	0	0	0	0	16	12	0	0	0	0
50833	Żółta Rosa	3	39	1	0	55	0	0	0	0	0	0	55	75	0	0	0	0
50834	Zielona Rosa	3	39	1	0	55	0	0	0	0	0	0	209	8	0	0	0	0
50835	Niebieska Rosa	3	39	1	0	55	0	0	0	0	0	0	53	75	0	0	0	0
50836	Biała Rosa	3	39	1	0	55	0	0	0	0	0	0	54	90	0	0	0	0
50837	Szara Rosa	3	39	1	0	55	0	0	0	0	0	0	208	8	0	0	0	0
50841	Czerwona Rosa	3	39	1	0	55	0	0	0	0	0	0	15	15	0	0	0	0
50842	Pomarańczowa Rosa	3	39	1	0	55	0	0	0	0	0	0	16	15	0	0	0	0
50843	Żółta Rosa	3	39	1	0	55	0	0	0	0	0	0	55	100	0	0	0	0
50844	Zielona Rosa	3	39	1	0	55	0	0	0	0	0	0	209	10	0	0	0	0
50845	Niebieska Rosa	3	39	1	0	55	0	0	0	0	0	0	53	100	0	0	0	0
50846	Biała Rosa	3	39	1	0	55	0	0	0	0	0	0	54	120	0	0	0	0
50847	Szara Rosa	3	39	1	0	55	0	0	0	0	0	0	208	10	0	0	0	0
52001	Bilet na Jazdę Konną	66	0	1	254336	0	0	0	0	0	0	0	0	0	0	0	0	0
52002	Bilet na Jazdę Konną	66	0	1	254336	5	0	0	0	0	0	0	0	0	0	0	0	0
52010	Koń GM	66	0	1	254336	0	0	0	0	0	0	0	0	0	0	0	0	0
52500	Karmazynowy Koń	71	255	1	0	25	0	0	0	0	0	0	0	0	0	0	0	0
52501	Imperialny Koń	71	255	1	0	25	0	0	0	0	0	0	0	0	0	0	0	0
52502	Imperialny Koń+	71	255	1	0	25	0	0	0	0	0	0	0	0	0	0	0	0
52503	Szlachetny Koń	71	255	1	0	25	0	0	0	0	0	0	0	0	0	0	0	0
52504	Pradawny Koń	71	255	1	0	25	0	0	0	0	0	0	0	0	0	0	0	0
52505	Szlachetny Ogier	71	255	1	0	25	0	0	0	0	0	0	0	0	0	0	0	0
52506	Pustynny Koń	71	255	1	0	25	0	0	0	0	0	0	0	0	0	0	0	0
59000	Klucz Demonów	5	0	1	0	0	0	0	0	0	0	0	0	0	0	0	0	0
59900	Kamień Otwarcia	18	0	1	0	0	0	0	0	0	0	0	0	0	0	0	0	0
59901	Mapa Zin Sa-Gui	18	0	1	0	0	0	0	0	0	0	0	0	0	0	0	0	0
59902	Klucz Zin-Bong-In	18	0	1	0	0	0	0	0	0	0	0	0	0	0	0	0	0
69000	Wytwarzanie Pancerzy	0	0	1	221568	0	0	0	0	0	0	0	0	0	0	0	0	0
70003	Książka Lidera	16	0	1	32768	0	0	0	0	0	0	0	0	0	0	0	0	0
70008	Biała Flaga	3	10	1	0	0	0	0	0	0	0	0	0	0	0	0	0	0
70020	Wino z Kwiatu Brzoskwini	3	11	1	0	0	0	0	0	0	0	0	0	0	0	0	0	0
70024	Marmur Błogosławieństwa	3	22	1	0	0	0	0	0	0	0	0	0	0	0	0	0	0
70031	Broszura Szermierki	0	0	1	0	0	0	0	0	0	0	0	0	0	0	0	0	0
70037	Księga Zapomnienia	22	0	1	0	0	0	0	0	0	0	0	0	0	0	0	0	0
70038	Peleryna Męstwa	3	10	1	0	0	0	0	0	0	0	0	0	0	0	0	0	0
70039	Peleryna Męstwa	3	10	1	221568	0	0	0	0	0	0	0	0	0	0	0	0	0
70040	Peleryna Męstwa+	3	10	1	0	0	0	0	0	0	0	0	0	0	0	0	0	0
70041	Peleryna Męstwa+	3	10	1	221568	0	0	0	0	0	0	0	0	0	0	0	0	0
70102	Fasolka Zen	3	10	1	0	0	0	0	0	0	0	0	0	0	0	0	0	0
70130	Marmur - Dziki Pies	19	0	1	0	0	0	0	0	0	0	0	0	0	0	0	0	0
70131	Marmur - Wilk	19	0	1	0	0	0	0	0	0	0	0	0	0	0	0	0	0
70132	Marmur - Niedźwiedź	19	0	1	0	0	0	0	0	0	0	0	0	0	0	0	0	0
70133	Marmur - Tygrys	19	0	1	0	0	0	0	0	0	0	0	0	0	0	0	0	0
70134	Marmur - Żołnierz Czarn. Wiatru	19	0	1	0	0	0	0	0	0	0	0	0	0	0	0	0	0
70135	Marmur - Maniak Czarn. Wiatru	19	0	1	0	0	0	0	0	0	0	0	0	0	0	0	0	0
70136	Marmur - Dziki Żołn. Piechoty	19	0	1	0	0	0	0	0	0	0	0	0	0	0	0	0	0
70137	Marmur - Dziki Sługa	19	0	1	0	0	0	0	0	0	0	0	0	0	0	0	0	0
70138	Marmur - Elit. Ork	19	0	1	0	0	0	0	0	0	0	0	0	0	0	0	0	0
70139	Marmur - Ezot. Fanatyk	19	0	1	0	0	0	0	0	0	0	0	0	0	0	0	0	0
70140	Marmur - Młody Pająk	19	0	1	0	0	0	0	0	0	0	0	0	0	0	0	0	0
70141	Marmur - Trujący Pająk	19	0	1	0	0	0	0	0	0	0	0	0	0	0	0	0	0
70142	Marmur - Czarny Ork	19	0	1	0	0	0	0	0	0	0	0	0	0	0	0	0	0
70201	Wybielacz	3	10	1	0	0	0	0	0	0	0	0	0	0	0	0	0	0
70202	Biała Farba Do Włosów	3	10	1	0	0	0	0	0	0	0	0	0	0	0	0	0	0
70203	Blond Farba Do Włosów	3	10	1	0	0	0	0	0	0	0	0	0	0	0	0	0	0
70204	Czerw. Farba Do Włosów	3	10	1	0	0	0	0	0	0	0	0	0	0	0	0	0	0
70205	Brązowa Farba Do Włosów	3	10	1	0	0	0	0	0	0	0	0	0	0	0	0	0	0
70206	Czarna Farba Do Włosów	3	10	1	0	0	0	0	0	0	0	0	0	0	0	0	0	0
70301	Pierścionek Zaręczynowy	6	0	1	0	0	0	0	0	0	0	0	0	0	0	0	0	0
70302	Obrączka Ślubna	3	10	1	221568	0	0	0	0	0	0	0	0	0	0	0	0	0
71001	Zwój Egzorcyzmu	3	8	1	0	0	0	0	0	0	0	0	0	0	0	0	0	0
71002	Zwój Powrotu Statusu	18	0	1	254336	0	0	0	0	0	0	0	0	0	0	0	0	0
71003	Zwój Powrotu Umiejętn.	18	0	1	254336	0	0	0	0	0	0	0	0	0	0	0	0	0
71004	Medal Smoka	3	8	1	221568	0	0	0	0	0	0	0	0	0	0	0	0	0
71018	Błogosławieństwo Życia	3	11	1	221568	0	0	0	0	0	0	0	0	0	0	0	0	0
71019	Błogosławieństwo Magii	3	11	1	0	0	0	0	0	0	0	0	0	0	0	0	0	0
71020	Błogosławieństwo Smoka	3	11	1	221568	0	0	0	0	0	0	0	0	0	0	0	0	0
71021	Błogosławieństwo Anioła	3	11	1	221568	0	0	0	0	0	0	0	0	0	0	0	0	0
71027	Życie Boga Smoków	3	39	1	0	0	0	0	0	0	0	0	203	10	0	0	0	0
71028	Atak Boga Smoków	3	39	1	0	0	0	0	0	0	0	0	64	12	0	0	0	0
71029	Inteligencja Boga Smoków	3	39	1	0	0	0	0	0	0	0	0	85	12	0	0	0	0
71030	Obrona Boga Smoków	3	39	1	0	0	0	0	0	0	0	0	65	12	0	0	0	0
71031	Życie Boga Smoków	3	39	1	221568	0	0	0	0	0	0	0	203	10	0	0	0	0
71032	Atak Boga Smoków	3	39	1	221568	0	0	0	0	0	0	0	64	12	0	0	0	0
71033	Inteligencja Boga Smoków	3	39	1	221568	0	0	0	0	0	0	0	85	12	0	0	0	0
71034	Obrona Boga Smoków	3	39	1	221568	0	0	0	0	0	0	0	65	12	0	0	0	0
71035	Eliksir Poszukiwacza	18	0	1	0	0	0	0	0	0	0	0	0	0	0	0	0	0
71036	Eliksir Seona	18	0	1	0	0	0	0	0	0	0	0	0	0	0	0	0	0
71044	Dłoń Krytyka	3	39	1	0	0	0	0	0	0	0	0	15	20	0	0	0	0
71045	Dłoń Przebicia	3	39	1	0	0	0	0	0	0	0	0	16	20	0	0	0	0
71046	Dłoń Krytyka	3	39	1	221568	0	0	0	0	0	0	0	15	20	0	0	0	0
71047	Dłoń Przebicia	3	39	1	221568	0	0	0	0	0	0	0	16	20	0	0	0	0
71048	Zaklęcie Modyfikacji	18	0	1	254336	0	0	0	0	0	0	0	0	0	0	0	0	0
71054	Olejek Wygnania	18	0	1	254336	0	0	0	0	0	0	0	0	0	0	0	0	0
71055	Zwój Nazwy	18	0	1	254080	0	0	0	0	0	0	0	0	0	0	0	0	0
71068	Pióro Ptaka Miłości	3	39	1	254336	0	0	0	0	0	0	0	0	0	0	0	0	0
71083	Księga Obróbki Kamienia	3	17	1	254336	0	0	0	0	0	0	0	0	0	0	0	0	0
71084	Zaczarowanie Przedmiotu	3	18	1	0	0	0	0	0	0	0	0	0	0	0	0	0	0
71085	Wzmocnienie Przedmiotu	3	19	1	0	0	0	0	0	0	0	0	0	0	0	0	0	0
71086	Zaczarowanie Przedmiotu+	3	18	1	0	0	0	0	0	0	0	0	0	0	0	0	0	0
71087	Zaczarowanie Broni (30)	3	18	1	0	0	0	0	0	0	0	0	0	0	0	0	0	0
71088	Zaczarowanie Broni (75)	3	18	1	0	0	0	0	0	0	0	0	0	0	0	0	0	0
71089	Zaczarowanie Przedmiotu*	3	18	1	221568	0	0	0	0	0	0	0	0	0	0	0	0	0
71090	Wzmocnienie Przedmiotu	3	19	1	221568	0	0	0	0	0	0	0	0	0	0	0	0	0
71094	Rada Pustelnika	3	8	1	0	0	0	0	0	0	0	0	0	0	0	0	0	0
71095	Zwój Egzorcyzmu	3	8	1	221568	0	0	0	0	0	0	0	0	0	0	0	0	0
71096	Rada Pustelnika	3	8	1	221568	0	0	0	0	0	0	0	0	0	0	0	0	0
71099	Pierścień Zastępstwa	18	0	1	254336	0	0	0	0	0	0	0	0	0	0	0	0	0
71107	Owoc Życia	3	10	1	0	0	0	0	0	0	0	0	0	0	0	0	0	0
71109	Zwój Korekcji	3	14	1	0	0	0	0	0	0	0	0	0	0	0	0	0	0
71110	Cukier dla Konia	18	0	1	32768	0	0	0	0	0	0	0	0	0	0	0	0	0
71200	Amulet Karmy	16	0	1	254336	0	0	0	0	0	0	0	0	0	0	0	0	0
71300	Licencja Górnika	3	39	1	254336	0	0	0	0	0	0	0	0	0	0	0	0	0
71301	Karta Wędkarska	3	39	1	254336	0	0	0	0	0	0	0	0	0	0	0	0	0
71310	Zaklęcie Egzorcyzmu	3	8	1	0	0	0	0	0	0	0	0	0	0	0	0	0	0
71311	Wywar Pustelnika	3	8	1	0	0	0	0	0	0	0	0	0	0	0	0	0	0
71312	Mikstura Mądrości	3	39	1	0	40	0	0	0	0	0	0	66	50	0	0	0	0
71313	Mikstura Mądrości	3	39	1	258432	40	0	0	0	0	0	0	66	50	0	0	0	0
71320	Zaklęcie Egzorcyzmu	3	8	1	225664	0	0	0	0	0	0	0	0	0	0	0	0	0
71321	Wywar Pustelnika	3	8	1	225664	0	0	0	0	0	0	0	0	0	0	0	0	0
71400	Rękawica Złodziejaszka	16	0	1	256	0	0	0	0	0	0	0	204	25	0	0	0	0
71500	Pierścień Tajemnic	16	0	1	256	0	0	0	0	0	0	0	0	0	0	0	0	0
71501	Peleryna Nieagresji	16	0	1	256	0	0	0	0	0	0	0	0	0	0	0	0	0
71502	Karta Wędkarska	16	0	1	256	0	0	0	0	0	0	0	0	0	0	0	0	0
71510	Pierścień Tajemnic	16	0	1	256	40	0	0	0	0	0	0	0	0	0	0	0	0
71511	Peleryna Nieagresji	16	0	1	256	0	0	0	0	0	0	0	0	0	0	0	0	0
71520	Buty Wiatru	16	0	1	254336	0	0	0	0	0	0	0	8	25	0	0	0	0
71521	Buty Wiatru	16	0	1	254336	0	0	0	0	0	0	0	8	25	0	0	0	0
71522	Buty Wiatru	16	0	1	254336	0	0	0	0	0	0	0	8	25	0	0	0	0
71525	Buty Wiatru	16	0	1	254336	0	0	0	0	0	0	0	8	25	0	0	0	0
71526	Buty Wiatru	16	0	1	254336	0	0	0	0	0	0	0	8	25	0	0	0	0
71527	Buty Wiatru	16	0	1	254336	0	0	0	0	0	0	0	8	25	0	0	0	0
71600	Olejek Piżmowy	3	39	1	254336	0	0	0	0	0	0	0	137	5	0	0	0	0
71601	Medal za Pracowitość	3	39	1	254336	0	0	0	0	0	0	0	66	20	0	0	0	0
71602	Moneta Szczęścia	3	39	1	254336	0	0	0	0	0	0	0	44	30	0	0	0	0
71603	Moneta Szczęścia	3	39	1	0	0	0	0	0	0	0	0	44	30	0	0	0	0
71610	Pierścień Lucy	3	39	1	0	0	0	0	0	0	0	0	0	0	0	0	0	0
71611	Płaszcz Uciekiniera	3	39	1	0	0	0	0	0	0	0	0	0	0	0	0	0	0
71612	Rękawica Króla Przepowiedni	3	39	1	0	0	0	0	0	0	0	0	0	0	0	0	0	0
71613	Symbol Króla Przepowiedni	3	39	1	0	0	0	0	0	0	0	0	0	0	0	0	0	0
71700	Fiolka Rosołku	3	39	1	254336	0	0	0	0	0	0	0	66	10	8	10	0	0
71701	Fiolka Rosołku	3	39	1	221568	0	0	0	0	0	0	0	66	10	8	10	0	0
71800	Korona 1	3	39	1	778624	0	0	0	0	0	0	0	0	0	0	0	0	0
71801	Korona 2	3	39	1	778624	0	0	0	0	0	0	0	0	0	0	0	0	0
71802	Beta Tester	3	39	1	778624	0	0	0	0	0	0	0	0	0	0	0	0	0
72001	Pierścień Doświadczenia	16	0	1	256	0	0	0	0	0	0	0	66	50	0	0	0	0
72004	Rękawica Złodzieja	16	0	1	256	0	0	0	0	0	0	0	45	50	0	0	0	0
72006	Rękawica Złodzieja	16	0	1	256	0	0	0	0	0	0	0	45	50	0	0	0	0
72008	Rękawica Złodzieja	16	0	1	256	0	0	0	0	0	0	0	45	50	0	0	0	0
72319	Rozszerzenie Ekwipunku	0	0	1	0	0	0	0	0	0	0	0	0	0	0	0	0	0
72723	Eliksir Słońca (M)	3	10	1	0	0	0	0	0	0	0	0	0	0	0	0	0	0
72724	Eliksir Słońca (Ś)	3	10	1	0	0	0	0	0	0	0	0	0	0	0	0	0	0
72725	Eliksir Słońca (D)	3	10	1	0	0	0	0	0	0	0	0	0	0	0	0	0	0
72726	Eliksir Słońca (S)	3	10	1	0	0	0	0	0	0	0	0	0	0	0	0	0	0
72727	Eliksir Księżyca (M)	3	10	1	0	0	0	0	0	0	0	0	0	0	0	0	0	0
72728	Eliksir Księżyca (Ś)	3	10	1	0	0	0	0	0	0	0	0	0	0	0	0	0	0
72729	Eliksir Księżyca (D)	3	10	1	0	0	0	0	0	0	0	0	0	0	0	0	0	0
72730	Eliksir Księżyca (S)	3	10	1	0	0	0	0	0	0	0	0	0	0	0	0	0	0
72731	Eliksir Słońca (D)	3	10	1	254336	0	0	0	0	0	0	0	0	0	0	0	0	0
72732	Eliksir Księżyca (D)	3	10	1	254336	0	0	0	0	0	0	0	0	0	0	0	0	0
72740	Eliksir Słońca (M)	3	63	1	254336	25	0	0	0	0	0	0	0	0	0	0	0	0
72741	Eliksir Słońca (Ś)	3	63	1	254336	50	0	0	0	0	0	0	0	0	0	0	0	0
72742	Eliksir Słońca (D)	3	63	1	254336	75	0	0	0	0	0	0	0	0	0	0	0	0
72750	Eliksir Księżyca (M)	3	64	1	254336	30	0	0	0	0	0	0	0	0	0	0	0	0
72751	Eliksir Księżyca (Ś)	3	64	1	254336	50	0	0	0	0	0	0	0	0	0	0	0	0
72752	Eliksir Księżyca (D)	3	64	1	254336	80	0	0	0	0	0	0	0	0	0	0	0	0
76003	Mikstura Pośpiechu	3	8	1	0	0	0	0	0	0	0	0	0	0	0	0	0	0
76004	Lokalizator Metinów	3	10	1	0	0	0	0	0	0	0	0	0	0	0	0	0	0
76005	Lokalizator Metinów	3	10	1	221568	0	0	0	0	0	0	0	0	0	0	0	0	0
76008	Lokalizator Bossów	3	10	1	0	0	0	0	0	0	0	0	0	0	0	0	0	0
76009	Lokalizator Bossów	3	10	1	221568	0	0	0	0	0	0	0	0	0	0	0	0	0
76023	Zielony Czar	3	18	1	0	0	0	0	0	0	0	0	0	0	0	0	0	0
76024	Zielona Siła	3	19	1	0	0	0	0	0	0	0	0	0	0	0	0	0	0
80005	Złota Sztabka (1kk)	3	38	1	221568	0	0	0	0	0	0	0	0	0	0	0	0	0
80014	Kupon SM (100)	3	36	1	0	0	0	0	0	0	0	0	0	0	0	0	0	0
80015	Kupon SM (500)	3	36	1	0	0	0	0	0	0	0	0	0	0	0	0	0	0
80016	Kupon SM (1000)	3	36	1	0	0	0	0	0	0	0	0	0	0	0	0	0	0
80017	Kupon SM (50)	3	36	1	0	0	0	0	0	0	0	0	0	0	0	0	0	0
80018	Kupon SM (40)	3	36	1	221568	0	0	0	0	0	0	0	0	0	0	0	0	0
80020	1x Klucz do Skrzyni	3	36	1	254400	0	0	0	0	0	0	0	0	0	0	0	0	0
80024	Kupon SM (100)*	3	36	1	0	0	0	0	0	0	0	0	0	0	0	0	0	0
80025	Kupon SM (500)*	3	36	1	0	0	0	0	0	0	0	0	0	0	0	0	0	0
80026	Kupon SM (1000)*	3	36	1	0	0	0	0	0	0	0	0	0	0	0	0	0	0
80027	Kupon SM (50)*	3	36	1	0	0	0	0	0	0	0	0	0	0	0	0	0	0
85500	Trumna	28	2	1	256	0	0	0	0	0	0	0	0	0	0	0	0	0
90010	Kamień Węgielny	14	0	1	0	0	0	0	0	0	0	0	0	0	0	0	0	0
90011	Pień	14	0	1	0	0	0	0	0	0	0	0	0	0	0	0	0	0
90012	Dykta	14	0	1	0	0	0	0	0	0	0	0	0	0	0	0	0	0
200100	Dusza Smoka	49	1	1	256	75	0	0	0	0	0	0	0	0	0	0	0	0
200300	Odznaka Wielkanocna	49	2	1	254080	0	0	0	0	0	0	0	92	5	94	5	45	10
250000	Przywołanie - Best. Kapitan	3	35	1	0	0	0	0	0	0	0	0	0	0	0	0	0	0
250001	Przywołanie - Wódz Orkow	3	35	1	0	0	0	0	0	0	0	0	0	0	0	0	0	0
250002	Przywołanie - Królowa Pająków	3	35	1	0	0	0	0	0	0	0	0	0	0	0	0	0	0
250003	Przywołanie - Dziewięć Ogonów	3	35	1	0	0	0	0	0	0	0	0	0	0	0	0	0	0
250004	Przywołanie - R. Ezot. Przyw.	3	35	1	0	0	0	0	0	0	0	0	0	0	0	0	0	0
250005	Przywołanie - Zjawa Zółt. Tygrysa	3	35	1	0	0	0	0	0	0	0	0	0	0	0	0	0	0
250006	Przywołanie - Olbrzymi Żółw	3	35	1	0	0	0	0	0	0	0	0	0	0	0	0	0	0
250007	Przywołanie - Ognisty Król	3	35	1	0	0	0	0	0	0	0	0	0	0	0	0	0	0
250008	Przywołanie - Wściekły Drzewiec	3	35	1	0	0	0	0	0	0	0	0	0	0	0	0	0	0
250009	Przywołanie - Żmij	3	35	1	0	0	0	0	0	0	0	0	0	0	0	0	0	0
250010	Przywołanie - Dowódca Yonghan	3	35	1	0	0	0	0	0	0	0	0	0	0	0	0	0	0
250012	Przywołanie - Generał Huashin	3	35	1	0	0	0	0	0	0	0	0	0	0	0	0	0	0
250100	Przywołanie - Kamień Cierpienia	3	35	1	0	0	0	0	0	0	0	0	0	0	0	0	0	0
250101	Przywołanie - Kamień Walki	3	35	1	0	0	0	0	0	0	0	0	0	0	0	0	0	0
250102	Przywołanie - Kamień Bitwy	3	35	1	0	0	0	0	0	0	0	0	0	0	0	0	0	0
250103	Przywołanie - Kamień Chciwości	3	35	1	0	0	0	0	0	0	0	0	0	0	0	0	0	0
250104	Przywołanie - Kamień Czerni	3	35	1	0	0	0	0	0	0	0	0	0	0	0	0	0	0
250105	Przywołanie - Kamień Ciemności	3	35	1	0	0	0	0	0	0	0	0	0	0	0	0	0	0
250106	Przywołanie - Kamień Zazdrości	3	35	1	0	0	0	0	0	0	0	0	0	0	0	0	0	0
250107	Przywołanie - Kamień Duszy	3	35	1	0	0	0	0	0	0	0	0	0	0	0	0	0	0
250108	Przywołanie - Kamień Cienia	3	35	1	0	0	0	0	0	0	0	0	0	0	0	0	0	0
250109	Przywołanie - Kamień Twardości	3	35	1	0	0	0	0	0	0	0	0	0	0	0	0	0	0
250110	Przywołanie - Kamień Diabła	3	35	1	0	0	0	0	0	0	0	0	0	0	0	0	0	0
250111	Przywołanie - Kamień Upadku	3	35	1	0	0	0	0	0	0	0	0	0	0	0	0	0	0
250112	Przywołanie - Kamień Śmierci	3	35	1	0	0	0	0	0	0	0	0	0	0	0	0	0	0
250113	Przywołanie - Kamień Morderstwa	3	35	1	0	0	0	0	0	0	0	0	0	0	0	0	0	0
250114	Przywołanie - Kamień Pung-Ma	3	35	1	0	0	0	0	0	0	0	0	0	0	0	0	0	0
250115	Przywołanie - Kamień Ma-An	3	35	1	0	0	0	0	0	0	0	0	0	0	0	0	0	0
250116	Przywołanie - Kamień Tu-Young	3	35	1	0	0	0	0	0	0	0	0	0	0	0	0	0	0
250117	Przywołanie - Kamień Jeon-Un	3	35	1	0	0	0	0	0	0	0	0	0	0	0	0	0	0
250118	Przywołanie - Statua Węża	3	35	1	0	0	0	0	0	0	0	0	0	0	0	0	0	0
250119	Przywołanie - Statua Żmija	3	35	1	0	0	0	0	0	0	0	0	0	0	0	0	0	0
250120	Przywołanie - Kamień Zbawienia	3	35	1	0	0	0	0	0	0	0	0	0	0	0	0	0	0
250200	Przywołanie - Ż. Diamentu	3	35	1	0	0	0	0	0	0	0	0	0	0	0	0	0	0
250201	Przywołanie - Ż. Skam. Drzewa	3	35	1	0	0	0	0	0	0	0	0	0	0	0	0	0	0
250202	Przywołanie - Ż. Miedzi	3	35	1	0	0	0	0	0	0	0	0	0	0	0	0	0	0
250203	Przywołanie - Ż. Srebra	3	35	1	0	0	0	0	0	0	0	0	0	0	0	0	0	0
250204	Przywołanie - Ż. Złota	3	35	1	0	0	0	0	0	0	0	0	0	0	0	0	0	0
250205	Przywołanie - Ż. Jadeitu	3	35	1	0	0	0	0	0	0	0	0	0	0	0	0	0	0
250206	Przywołanie - Ż. Ebonitu	3	35	1	0	0	0	0	0	0	0	0	0	0	0	0	0	0
250207	Przywołanie - Sterta Muszli	3	35	1	0	0	0	0	0	0	0	0	0	0	0	0	0	0
250208	Przywołanie - Ż. Biał Złota	3	35	1	0	0	0	0	0	0	0	0	0	0	0	0	0	0
250209	Przywołanie - Ż. Kryształu	3	35	1	0	0	0	0	0	0	0	0	0	0	0	0	0	0
250210	Przywołanie - Ż. Ametystu	3	35	1	0	0	0	0	0	0	0	0	0	0	0	0	0	0
250211	Przywołanie - Ż. Nieb. Łez	3	35	1	0	0	0	0	0	0	0	0	0	0	0	0	0	0
250212	Przywołanie - D. Żyły Krysz.	3	35	1	0	0	0	0	0	0	0	0	0	0	0	0	0	0
250300	Przywołanie - Umarły Rozpruwacz	3	35	1	0	0	0	0	0	0	0	0	0	0	0	0	0	0
250301	Przywołanie - Azrael	3	35	1	0	0	0	0	0	0	0	0	0	0	0	0	0	0
250302	Przywołanie - Beran Setaou	3	35	1	0	0	0	0	0	0	0	0	0	0	0	0	0	0
300000	Towarzysz	65	0	1	778688	0	0	0	0	0	0	0	0	0	0	0	0	0
400000	Klucz	0	0	1	0	0	0	0	0	0	0	0	0	0	0	0	0	0
450001	TOP1 [Nagroda]	18	0	1	782784	0	0	0	0	0	0	0	0	0	0	0	0	0
450002	TOP2 [Nagroda]	18	0	1	782784	0	0	0	0	0	0	0	0	0	0	0	0	0
450003	TOP3 [Nagroda]	18	0	1	782784	0	0	0	0	0	0	0	0	0	0	0	0	0
450004	TOP4 [Nagroda]	18	0	1	782784	0	0	0	0	0	0	0	0	0	0	0	0	0
450005	TOP5 [Nagroda]	18	0	1	782784	0	0	0	0	0	0	0	0	0	0	0	0	0
450006	TOP6 [Nagroda]	18	0	1	782784	0	0	0	0	0	0	0	0	0	0	0	0	0
450007	TOP7 [Nagroda]	18	0	1	782784	0	0	0	0	0	0	0	0	0	0	0	0	0
450008	TOP8 [Nagroda]	18	0	1	782784	0	0	0	0	0	0	0	0	0	0	0	0	0
450009	TOP9 [Nagroda]	18	0	1	782784	0	0	0	0	0	0	0	0	0	0	0	0	0
450010	TOP10 [Nagroda]	18	0	1	782784	0	0	0	0	0	0	0	0	0	0	0	0	0
450030	Nagroda - OX	18	0	1	782784	0	0	0	0	0	0	0	0	0	0	0	0	0
460000	Pergamin Więzi	3	25	1	258496	0	0	0	0	0	0	0	0	0	0	0	0	0
460001	Pergamin Przerwania	3	26	1	782784	0	0	0	0	0	0	0	0	0	0	0	0	0
470000	Zwój Powrotu Do Miasta	3	68	1	0	0	0	0	0	0	0	0	0	0	0	0	0	0
470001	Zwój Powrotu	3	68	1	0	0	0	0	0	0	0	0	0	0	0	0	0	0
470002	Zwój Powrotu	3	68	1	221568	0	0	0	0	0	0	0	0	0	0	0	0	0
500000	Skrzynia Postaci	68	0	1	573824	0	0	0	0	0	0	0	0	0	0	0	0	0
500010	Karta Potwornego Trio	18	0	1	0	0	0	0	0	0	0	0	0	0	0	0	0	0
500011	Talia Kart Potwor. Trio	18	0	1	0	0	0	0	0	0	0	0	0	0	0	0	0	0
500020	Pud. Potwor. Trio Brąz	23	0	1	0	0	0	0	0	0	0	0	0	0	0	0	0	0
500021	Pud. Potwor. Trio Srebro	23	0	1	0	0	0	0	0	0	0	0	0	0	0	0	0	0
500022	Pud. Potwor. Trio Złoto	23	0	1	0	0	0	0	0	0	0	0	0	0	0	0	0	0
500023	Pud. Potwor. Trio VIP	23	0	1	0	0	0	0	0	0	0	0	0	0	0	0	0	0
700000	Zwój Resetu (Seon)	18	0	1	221568	0	0	0	0	0	0	0	0	0	0	0	0	0
700001	Notatka Biologa	18	0	1	0	0	0	0	0	0	0	0	0	0	0	0	0	0
70037001	Księga Zapomnienia - 1	0	0	1	0	0	0	0	0	0	0	0	0	0	0	0	0	0
70037002	Księga Zapomnienia - 2	0	0	1	0	0	0	0	0	0	0	0	0	0	0	0	0	0
70037003	Księga Zapomnienia - 3	0	0	1	0	0	0	0	0	0	0	0	0	0	0	0	0	0
70037004	Księga Zapomnienia - 4	0	0	1	0	0	0	0	0	0	0	0	0	0	0	0	0	0
70037005	Księga Zapomnienia - 5	0	0	1	0	0	0	0	0	0	0	0	0	0	0	0	0	0
70037016	Księga Zapomnienia - 16	0	0	1	0	0	0	0	0	0	0	0	0	0	0	0	0	0
70037017	Księga Zapomnienia - 17	0	0	1	0	0	0	0	0	0	0	0	0	0	0	0	0	0
70037018	Księga Zapomnienia - 18	0	0	1	0	0	0	0	0	0	0	0	0	0	0	0	0	0
70037019	Księga Zapomnienia - 19	0	0	1	0	0	0	0	0	0	0	0	0	0	0	0	0	0
70037020	Księga Zapomnienia - 20	0	0	1	0	0	0	0	0	0	0	0	0	0	0	0	0	0
70037031	Księga Zapomnienia - 31	0	0	1	0	0	0	0	0	0	0	0	0	0	0	0	0	0
70037032	Księga Zapomnienia - 32	0	0	1	0	0	0	0	0	0	0	0	0	0	0	0	0	0
70037033	Księga Zapomnienia - 33	0	0	1	0	0	0	0	0	0	0	0	0	0	0	0	0	0
70037034	Księga Zapomnienia - 34	0	0	1	0	0	0	0	0	0	0	0	0	0	0	0	0	0
70037035	Księga Zapomnienia - 35	0	0	1	0	0	0	0	0	0	0	0	0	0	0	0	0	0
70037046	Księga Zapomnienia - 46	0	0	1	0	0	0	0	0	0	0	0	0	0	0	0	0	0
70037047	Księga Zapomnienia - 47	0	0	1	0	0	0	0	0	0	0	0	0	0	0	0	0	0
70037048	Księga Zapomnienia - 48	0	0	1	0	0	0	0	0	0	0	0	0	0	0	0	0	0
70037049	Księga Zapomnienia - 49	0	0	1	0	0	0	0	0	0	0	0	0	0	0	0	0	0
70037050	Księga Zapomnienia - 50	0	0	1	0	0	0	0	0	0	0	0	0	0	0	0	0	0
70037061	Księga Zapomnienia - 61	0	0	1	0	0	0	0	0	0	0	0	0	0	0	0	0	0
70037062	Księga Zapomnienia - 62	0	0	1	0	0	0	0	0	0	0	0	0	0	0	0	0	0
70037063	Księga Zapomnienia - 63	0	0	1	0	0	0	0	0	0	0	0	0	0	0	0	0	0
70037064	Księga Zapomnienia - 64	0	0	1	0	0	0	0	0	0	0	0	0	0	0	0	0	0
70037065	Księga Zapomnienia - 65	0	0	1	0	0	0	0	0	0	0	0	0	0	0	0	0	0
70037066	Księga Zapomnienia - 66	0	0	1	0	0	0	0	0	0	0	0	0	0	0	0	0	0
70037076	Księga Zapomnienia - 76	0	0	1	0	0	0	0	0	0	0	0	0	0	0	0	0	0
70037077	Księga Zapomnienia - 77	0	0	1	0	0	0	0	0	0	0	0	0	0	0	0	0	0
70037078	Księga Zapomnienia - 78	0	0	1	0	0	0	0	0	0	0	0	0	0	0	0	0	0
70037079	Księga Zapomnienia - 79	0	0	1	0	0	0	0	0	0	0	0	0	0	0	0	0	0
70037080	Księga Zapomnienia - 80	0	0	1	0	0	0	0	0	0	0	0	0	0	0	0	0	0
70037081	Księga Zapomnienia - 81	0	0	1	0	0	0	0	0	0	0	0	0	0	0	0	0	0
70037091	Księga Zapomnienia - 91	0	0	1	0	0	0	0	0	0	0	0	0	0	0	0	0	0
70037092	Księga Zapomnienia - 92	0	0	1	0	0	0	0	0	0	0	0	0	0	0	0	0	0
70037093	Księga Zapomnienia - 93	0	0	1	0	0	0	0	0	0	0	0	0	0	0	0	0	0
70037094	Księga Zapomnienia - 94	0	0	1	0	0	0	0	0	0	0	0	0	0	0	0	0	0
70037095	Księga Zapomnienia - 95	0	0	1	0	0	0	0	0	0	0	0	0	0	0	0	0	0
70037096	Księga Zapomnienia - 96	0	0	1	0	0	0	0	0	0	0	0	0	0	0	0	0	0
70037106	Księga Zapomnienia - 106	0	0	1	0	0	0	0	0	0	0	0	0	0	0	0	0	0
70037107	Księga Zapomnienia - 107	0	0	1	0	0	0	0	0	0	0	0	0	0	0	0	0	0
70037108	Księga Zapomnienia - 108	0	0	1	0	0	0	0	0	0	0	0	0	0	0	0	0	0
70037109	Księga Zapomnienia - 109	0	0	1	0	0	0	0	0	0	0	0	0	0	0	0	0	0
70037110	Księga Zapomnienia - 110	0	0	1	0	0	0	0	0	0	0	0	0	0	0	0	0	0
70037111	Księga Zapomnienia - 111	0	0	1	0	0	0	0	0	0	0	0	0	0	0	0	0	0
